Element     Shape      A      Z    N  iso  Energy   Betas       Chi    Old_chi      Adj Variables       Org Variables    magnitudes - final - orig
------------------------------------------------------------------------------------------------------------------------------------------------------
  P31   Rotational    31    15    16   p   50.0    0.00380       1.23      16.23     0.37509   4.43434        0.00000   4.489           4.45     4.49
 Ca44  Vibrational    44    20    24   p   22.9    0.00654       7.64     112.68     1.38729   6.97403        0.00000   7.837           7.11     7.84
 Cr48  Vibrational    48    24    24   p   50.0    0.00133       0.57       3.99     0.16699   4.38904        0.00000   4.369           4.39     4.37
 Fe54  Vibrational    54    26    28   p   50.0    0.00495       3.63     252.43     0.87496   3.6497        0.00000   4.171           3.75     4.17
  P31   Rotational    31    15    16   p   65.0    0.00380       5.10      14.47     0.28525   3.28398        0.00000   3.282           3.30     3.28
 Ca44  Vibrational    44    20    24   p   35.0    0.00654       2.84     111.03     1.08781   5.90679        0.00000   6.402           6.01     6.40
  P31   Rotational    31    15    16   p   80.0    0.00380       9.28      10.72     0.16132   2.40282        0.00000   2.385           2.41     2.38
  C12  Vibrational    12     6     6   p  100.0    0.03020     180.20     394.81     0.3682398   0.4454982        -0.1177   0.5703           0.58     0.58
 Fe54  Vibrational    54    26    28   p   65.0    0.00495       5.22     180.61     0.73499   2.69091        0.00000   3.025           2.79     3.02
Zr100  Vibrational   100    40    60   p  100.0    0.01067     348.56    2271.68     1.678418   1.066072        0.00000   1.841           1.99     1.84
Ho165   Rotational   165    67    98   p   80.0    0.00719      21.86     253.81     1.59258   3.12652        0.00000   3.656           3.51     3.66
 Cr48  Vibrational    48    24    24   p   65.0    0.00133       1.27       2.93     0.09937   3.24346        0.00000   3.195           3.24     3.19
Pd104  Vibrational   104    46    58   p   10.0    0.00482      16.05     135.10     3.022658   7.285751        0.00000   8.449           7.89     8.45
 Ca44  Vibrational    44    20    24   p   50.0    0.00654       5.48      96.82     0.7819   4.47621        0.00000   4.761           4.54     4.76
  C12  Vibrational    12     6     6   p   20.0    0.03620      19.90    1508.88     3.74311   3.73513        1.976   5.729           5.29     6.06
 Fe54  Vibrational    54    26    28   p   80.0    0.00495      13.05     124.19     0.52532   1.95687        0.00000   2.180           2.03     2.18
 Ne20  Vibrational    20    10    10   p  100.0    0.04510     375.05     622.21     0.43413   0.50993        -0.04436   0.9659           0.67     0.97
 Cr48  Vibrational    48    24    24   p   80.0    0.00133       1.49       2.41     0.09701   2.38118        0.00000   2.322           2.38     2.32
Zr100  Vibrational   100    40    60   p   35.0    0.01067     245.47     554.25     3.009796   4.175175        0.00000   7.145           5.15     7.14
  C12  Vibrational    12     6     6   p   24.1    0.03520      20.66    1532.83     4.18834   3.56084        1.976   5.748           5.50     6.08
 Ca44  Vibrational    44    20    24   p   65.0    0.00654       4.08      77.88     0.68148   3.29408        0.00000   3.482           3.36     3.48
Pd104  Vibrational   104    46    58   p  100.0    0.00482      34.70      98.66     0.6497403   1.456857        0.00000   1.713           1.60     1.71
 Ne20  Vibrational    20    10    10   p   35.2    0.04510      41.84    1124.49     3.629665   3.893657        -0.1861   5.455           5.32     5.46
 Mg24  Vibrational    24    12    12   p   10.0    0.00817     105.00     170.34     0.259652   6.318392        0.00000   7.680           6.32     7.68
  C12  Vibrational    12     6     6   p   35.0    0.03342      13.66     929.30     2.38736   3.44429        -0.2604   5.075           4.19     5.08
Pd104  Vibrational   104    46    58   p   15.0    0.00482      28.74      67.85     1.45554   6.99597        0.00000   8.677           7.15     8.68
Zr100  Vibrational   100    40    60   p   50.0    0.01067     180.73    1069.70     2.372806   3.121        0.00000   5.322           3.92     5.32
 Ne20  Vibrational    20    10    10   p   50.0    0.04510      56.44     672.79     2.64822   3.146671        -0.1224   4.283           4.11     4.28
 Ca44  Vibrational    44    20    24   p   80.0    0.00654      12.08      57.83     0.52524   2.41194        0.00000   2.530           2.47     2.53
 Mg24  Vibrational    24    12    12   p  100.0    0.00817      77.54     117.56     0.333711   1.375691        0.00000   1.499           1.42     1.50
  C12  Vibrational    12     6     6   p   50.0    0.03204      35.23     478.55     1.534934   2.645023        -0.1958   3.887           3.06     3.89
Pd104  Vibrational   104    46    58   p   22.0    0.00482      14.64      66.96     1.55289   6.9195        0.00000   8.198           7.09     8.20
Cd112  Vibrational   112    48    64   p   10.0    0.00363       7.22       9.41     0.87744   7.41562        0.00000   8.643           7.47     8.64
 Ne20  Vibrational    20    10    10   p   65.0    0.04510     187.75     509.51     1.82547   2.29628        -0.07680   3.135           2.93     3.14
Zr100  Vibrational   100    40    60   p   65.0    0.01067     253.72    1876.81     2.229197   2.011218        0.00000   3.894           3.00     3.89
 Mg24  Vibrational    24    12    12   p   35.0    0.00817      22.90     198.48     0.87151   5.25966        0.00000   5.839           5.33     5.84
Pd104  Vibrational   104    46    58   p   35.0    0.00482      13.84     132.43     1.49077   5.75185        0.00000   6.649           5.94     6.65
  C12  Vibrational    12     6     6   p   65.0    0.03122      79.39     307.23     1.04955   1.886555        -0.1501   2.739           2.16     2.74
Gd158   Rotational   158    64    94   p   10.0    0.00709       4.21    1075.55     8.06399   7.835448        0.00000   9.211          11.24     9.21
Pd104  Vibrational   104    46    58   p   50.0    0.00482       6.75     169.44     1.22555   4.35501        0.00000   4.953           4.52     4.95
  C12  Vibrational    12     6     6   p   80.0    0.03068     414.68    1962.20     0.4761876   1.0381        -0.1236   1.695           1.14     1.70
 Mg24  Vibrational    24    12    12   p   50.0    0.00817      49.25     152.65     0.84874   4.03089        0.00000   4.340           4.12     4.34
Zr100  Vibrational   100    40    60   p   80.0    0.01067     292.02    2338.67     1.848538   1.496565        0.00000   2.830           2.38     2.83
Cd112  Vibrational   112    48    64   p  100.0    0.00359      27.18     124.11     0.66486   1.57204        0.00000   1.761           1.71     1.76
 Ca40  Vibrational    40    20    20   p   10.0    0.01517      66.44      81.80     1.78575   6.29602        0.00000   6.144           6.54     6.14
 Ne20  Vibrational    20    10    10   p   80.0    0.04510     975.53    1749.22     1.25509   1.00201        -0.05021   2.090           1.61     2.09
Pd104  Vibrational   104    46    58   p   65.0    0.00482       6.80     160.96     0.99463   3.22286        0.00000   3.624           3.37     3.62
 Mg24  Vibrational    24    12    12   p   65.0    0.00817      33.67      91.44     0.5017099   2.864164        0.00000   3.173           2.91     3.17
Dy164   Rotational   164    66    98   p   10.0    0.00711       4.43     558.65     6.265422   8.77171        0.00000   9.331          10.78     9.33
 Ca40  Vibrational    40    20    20   p  100.0    0.01517      57.84     212.50     0.81959   1.60997        0.00000   1.748           1.81     1.75
Os190   Rotational   190    76   114   p   10.0    0.00340       0.42      22.12     1.773586   9.99322        0.00000   9.433          10.15     9.43
Pd104  Vibrational   104    46    58   p   80.0    0.00482       9.45     137.31     0.8614564   2.263709        0.00000   2.634           2.42     2.63
Cd112  Vibrational   112    48    64   p   22.3    0.00360      28.16      61.55     1.56208   7.24477        0.00000   8.383           7.41     8.38
 Mg24  Vibrational    24    12    12   p   80.0    0.00817      20.42     120.04     0.63283   2.16104        0.00000   2.305           2.25     2.31
 Ca40  Vibrational    40    20    20   p   14.6    0.01517      49.53     101.58     2.21186   6.10203        0.00000   6.905           6.49     6.91
 Mg26  Vibrational    26    12    14   p   10.0    0.00823     107.24     156.01     1.858874   6.183636        0.00000   8.268           6.46     8.27
 Ca40  Vibrational    40    20    20   p   17.3    0.01517      62.05     193.65     2.28423   6.01996        0.00000   7.062           6.44     7.06
Cd112  Vibrational   112    48    64   p   35.0    0.00360      17.31     156.44     1.6087   5.74827        0.00000   6.829           5.97     6.83
 Ca40  Vibrational    40    20    20   p   35.0    0.01517      26.46     437.85     1.836333   4.947217        0.00000   6.046           5.28     6.05
 Mg26  Vibrational    26    12    14   p  100.0    0.00823      63.71     104.22     0.3179128   1.485852        0.00000   1.615           1.52     1.61
Gd158   Rotational   158    64    94   p  100.0    0.00709     416.17     667.44     0.3226643   1.763227        0.00000   2.329           1.79     2.33
 Ca40  Vibrational    40    20    20   p   50.0    0.01517      55.23     382.98     1.443667   3.987836        0.00000   4.671           4.24     4.67
Cd112  Vibrational   112    48    64   p   50.0    0.00359       6.66     200.71     1.2443   4.38196        0.00000   5.089           4.56     5.09
Dy164   Rotational   164    66    98   p  100.0    0.00711     830.68    1948.35     -1.02119  2.132122        0.00000  2.509           2.36     2.51
 Mg26  Vibrational    26    12    14   p   35.0    0.00823      33.23     255.56     1.256772   5.451363        0.00000   6.291           5.59     6.29
 Ca40  Vibrational    40    20    20   p   65.0    0.01517      43.12     275.54     1.302223   3.016721        0.00000   3.511           3.29     3.51
Os190   Rotational   190    76   114   p  100.0    0.00340      91.80     168.01     0.6987   2.65457        0.00000   2.810           2.74     2.81
 Ca40  Vibrational    40    20    20   p   80.0    0.01517      56.34     301.15     1.16087   2.34157        0.00000   2.611           2.61     2.61
 Mg26  Vibrational    26    12    14   p   50.0    0.00823      36.06     177.60     0.87152   4.2387        0.00000   4.676           4.33     4.68
Cd112  Vibrational   112    48    64   p   65.0    0.00359       5.04     187.30     0.97441   3.25114        0.00000   3.725           3.39     3.73
Os190   Rotational   190    76   114   p   16.0    0.00340       9.45      53.58     2.410138   8.436457        0.00000   10.13           8.77    10.13
Pd110  Vibrational   110    46    64   p   10.0    0.00680      23.72      48.98     0.3622872   7.284287        0.00000   8.804           7.29     8.80
 Ca44  Vibrational    44    20    24   p   10.0    0.00654      42.67     124.69     1.738669   6.863037        0.00000   8.353           7.08     8.35
 Mg26  Vibrational    26    12    14   p   65.0    0.00823      44.45     166.76     0.66477   3.11437        0.00000   3.419           3.18     3.42
Cd112  Vibrational   112    48    64   p   80.0    0.00359       8.63     158.89     0.8288667   2.291122        0.00000   2.708           2.44     2.71
 Ca44  Vibrational    44    20    24   p  100.0    0.00654      32.93      34.35     0.3105492   1.515558        0.00000   1.645           1.55     1.65
 Mg26  Vibrational    26    12    14   p   80.0    0.00823      40.18     207.48     0.6754597   2.206294        0.00000   2.484           2.31     2.48
 Fe54  Vibrational    54    26    28   p   10.0    0.00496     177.73     202.26     0.3462136   6.843933        0.00000   7.466           6.85     7.47
 Ca44  Vibrational    44    20    24   p   15.6    0.00654       8.17     129.42     1.52221   6.91058        0.00000   8.440           7.08     8.44
Os190   Rotational   190    76   114   p   35.0    0.00340      68.35     105.12     1.80408   7.48197        0.00000   8.516           7.70     8.52
Gd158   Rotational   158    64    94   p   20.0    0.00709      85.98     478.08     6.289802   6.323049        0.00000   9.533           8.92     9.53
Dy164   Rotational   164    66    98   p   35.0    0.00711     347.95     534.60     4.42917   5.830633        0.00000   8.108           7.32     8.11
 Fe54  Vibrational    54    26    28   p  100.0    0.00494      40.00      83.62     0.26526   1.2674        0.00000   1.403           1.29     1.40
Zr100  Vibrational   100    40    60   p   10.0    0.01067       0.00      22.93     252.3352   -26.05768       0.00000   9.097         253.68     9.10
Pd110  Vibrational   110    46    64   p   65.0    0.00680      14.57     315.02     1.545027   3.001059        0.00000   3.789           3.38     3.79
 Fe54  Vibrational    54    26    28   p   17.9    0.00496      12.26     193.19     0.96199   5.7042        0.00000   7.419           5.78     7.42
Os190   Rotational   190    76   114   p   50.0    0.00340      22.71     161.07     1.56578   5.95334        0.00000   6.726           6.16     6.73
 Si28  Vibrational    28    14    14   p   10.0    0.00868      66.37     233.36     0.7397062   5.252145        0.00000   7.105           5.30     7.11
 Fe54  Vibrational    54    26    28   p   35.0    0.00495       4.43     301.02     1.1182   4.82523        0.00000   5.659           4.95     5.66
 Si28  Vibrational    28    14    14   p  100.0    0.00717      57.85      77.18     0.2741024   1.261884        0.00000   1.427           1.29     1.43
Pd110  Vibrational   110    46    64   p  100.0    0.00680      49.58     219.16     1.07381   1.48613        0.00000   1.792           1.83     1.79
Dy164   Rotational   164    66    98   p   50.0    0.00711     102.99     552.50     3.53153   4.47483        0.00000   6.307           5.70     6.31
 Si28  Vibrational    28    14    14   p   14.2    0.00829      52.81     687.35     0.6912972   4.731363        0.00000   7.247           4.78     7.25
Os190   Rotational   190    76   114   p   65.0    0.00340      13.99     164.79     1.23272   4.70208        0.00000   5.211           4.86     5.21
 Si28  Vibrational    28    14    14   p   17.5    0.00809      51.50     623.83     1.091071   4.869549        0.00000   7.126           4.99     7.13
Gd158   Rotational   158    64    94   p   35.0    0.00709     401.54     499.27     3.981489   5.789727        0.00000   7.851           7.03     7.85
Dy164   Rotational   164    66    98   p   65.0    0.00711      74.90     603.39     2.679924   3.484349        0.00000   4.814           4.40     4.81
 Si28  Vibrational    28    14    14   p   50.0    0.00740      11.36     220.37     0.70967   3.56651        0.00000   4.093           3.64     4.09
Sm154   Rotational   154    62    92   p  100.0    0.00439     103.49     240.46     1.064319   1.85185        0.00000   2.222           2.14     2.22
Os190   Rotational   190    76   114   p   80.0    0.00340      24.09     160.25     1.005103   3.577482        0.00000   4.008           3.72     4.01
 Si28  Vibrational    28    14    14   p   65.0    0.00730      17.44     174.66     0.7557   2.67311        0.00000   3.001           2.78     3.00
  P31   Rotational    31    15    16   p   10.0    0.00380       3.31      51.21     0.53971   7.19316        0.00000   7.920           7.21     7.92
  P31   Rotational    31    15    16   p  100.0    0.00380      15.06      10.94     0.13197   1.58067        0.00000   1.550           1.59     1.55
Dy164   Rotational   164    66    98   p   80.0    0.00711     269.72     571.70     1.523088   2.936248        0.00000   3.648           3.31     3.65
 Si28  Vibrational    28    14    14   p   80.0    0.00723      53.64     136.46     0.5310174   1.928392        0.00000   2.186           2.00     2.19
Pd110  Vibrational   110    46    64   p   80.0    0.00680      20.26     279.05     1.33711   2.26516        0.00000   2.754           2.63     2.75
  P31   Rotational    31    15    16   p   17.5    0.00380       1.56      36.24     0.70192   7.42461        0.00000   7.872           7.46     7.87
 Cr48  Vibrational    48    24    24   p   10.0    0.00133       0.24       3.00     0.9907784   7.11709        0.00000   7.652           7.19     7.65
Sm148   Rotational   148    62    86   p   10.0    0.00266       0.35     127.78     3.15022   6.89748        0.00000   8.859           7.58     8.86
Pt194   Rotational   194    78   116   p   10.0    0.00205       0.30       8.53     1.197785   10.92524        0.00000   9.390          10.99     9.39
 Cr48  Vibrational    48    24    24   p  100.0    0.00133       3.82       2.43     0.04765   1.59963        0.00000   1.510           1.60     1.51
Sm154   Rotational   154    62    92   p   16.0    0.00439      31.11     241.57     4.338624   7.925584        0.00000   9.637           9.04     9.64
Sm148   Rotational   148    62    86   p  100.0    0.00266      14.96      80.14     0.5979213   1.777633        0.00000   2.015           1.88     2.02
Pd110  Vibrational   110    46    64   p   22.0    0.00680      53.98     112.91     2.309991   6.74709        0.00000   8.563           7.13     8.56
 Cr48  Vibrational    48    24    24   p   35.0    0.00133       0.52       3.75     0.17428   5.85808        0.00000   5.875           5.86     5.88
Sm148   Rotational   148    62    86   p   16.0    0.00266       5.18      50.23     1.85484   8.0357        0.00000   9.239           8.25     9.24
Pt194   Rotational   194    78   116   p  100.0    0.00205     117.30     208.92     0.3169022   2.447227        0.00000   2.809           2.47     2.81
Ta181   Rotational   181    73   108   p   22.2    0.00530      47.03      56.56     1.91574   9.10143        0.00000   9.816           9.30     9.82
Sm154   Rotational   154    62    92   p   35.0    0.00439     169.26     306.90     2.780856   6.280933        0.00000   7.725           6.87     7.72
Sm148   Rotational   148    62    86   p   24.5    0.00266      12.60      29.74     1.380875   7.856378        0.00000   8.597           7.98     8.60
Tl205   Rotational   205    81   124   p   50.0    0.00134       6.65      38.96     0.6744   6.53181        0.00000   6.821           6.57     6.82
Pd110  Vibrational   110    46    64   p   35.0    0.00680      43.17     247.99     2.428305   5.377988        0.00000   6.949           5.90     6.95
Pt194   Rotational   194    78   116   p   16.0    0.00205      12.78      55.33     1.512436   10.09582        0.00000   10.10          10.21    10.10
Sm148   Rotational   148    62    86   p   35.0    0.00266      16.14      77.06     1.36506   6.5501        0.00000   7.306           6.69     7.31
Tl205   Rotational   205    81   124   p   65.0    0.00134       3.47      39.75     0.54842   5.10639        0.00000   5.289           5.14     5.29
Gd158   Rotational   158    64    94   p   50.0    0.00709     128.48     568.62     3.468108   4.145767        0.00000   6.047           5.41     6.05
Pt194   Rotational   194    78   116   p   35.0    0.00205      74.52     130.10     1.56912   6.84827        0.00000   8.501           7.03     8.50
Sm154   Rotational   154    62    92   p   50.0    0.00439      77.18     330.75     2.2244   4.81241        0.00000   5.907           5.30     5.91
Sm148   Rotational   148    62    86   p   50.0    0.00266       5.36     104.01     1.09678   5.0239        0.00000   5.533           5.14     5.53
Tl205   Rotational   205    81   124   p   80.0    0.00134       4.31      39.54     0.4693114   3.86047        0.00000   4.071           3.89     4.07
Pt194   Rotational   194    78   116   p   50.0    0.00205      47.11     202.64     1.181385   5.662371        0.00000   6.717           5.78     6.72
Ta181   Rotational   181    73   108   p   35.0    0.00530      73.32     137.45     2.896808   7.005739        0.00000   8.417           7.58     8.42
Pd110  Vibrational   110    46    64   p   50.0    0.00680      18.12     317.78     1.9351   4.17824        0.00000   5.178           4.60     5.18
Pt194   Rotational   194    78   116   p   65.0    0.00205      40.64     196.51     0.82945   4.6069        0.00000   5.206           4.68     5.21
Sm148   Rotational   148    62    86   p   65.0    0.00266       4.61     107.07     0.86869   3.7666        0.00000   4.113           3.87     4.11
 W184   Rotational   184    74   110   p   10.0    0.00227       1.52     150.38     5.386845   9.191968        0.00000   9.410          10.65     9.41
Sm154   Rotational   154    62    92   p   65.0    0.00439      78.60     375.61     1.74776   3.6534        0.00000   4.434           4.05     4.43
Pt194   Rotational   194    78   116   p   80.0    0.00205      58.72     194.52     0.5923349   3.501242        0.00000   4.005           3.55     4.00
Ta181   Rotational   181    73   108   p   50.0    0.00530      21.70     183.46     2.277314   5.631665        0.00000   6.636           6.07     6.64
Sm148   Rotational   148    62    86   p   80.0    0.00266       6.08      96.23     0.7489547   2.705513        0.00000   3.036           2.81     3.04
 Se82  Vibrational    82    34    48   p   10.0    0.00350      89.94     211.68     2.6159   6.668537        0.00000   8.906           7.16     8.91
Gd158   Rotational   158    64    94   p   65.0    0.00709      70.12     632.88     2.811672   3.146487        0.00000   4.572           4.22     4.57
Sm154   Rotational   154    62    92   p   10.0    0.00439       1.66     600.61     4.66253   7.581983        0.00000   9.189           8.90     9.19
Yb172   Rotational   172    70   102   p   80.0    0.00599     155.28     398.81     1.424422   3.200465        0.00000   3.810           3.50     3.81
 Se82  Vibrational    82    34    48   p  100.0    0.00349      33.88     104.81     0.514166   1.553419        0.00000   1.785           1.64     1.78
Sm154   Rotational   154    62    92   p   80.0    0.00439     115.28     367.27     1.44463   2.74858        0.00000   3.304           3.11     3.30
 W184   Rotational   184    74   110   p  100.0    0.00216     903.34    1033.62     -0.1694605  2.944641        0.00000  2.778           2.95     2.78
  C12  Vibrational    12     6     6   n   20.0    0.03620      25.09    2025.01     3.95159   3.68568        1.976   5.729           5.40     6.06
 Zn64  Vibrational    64    30    34   p   10.0    0.00362      71.77     391.95     -0.8960676  5.775739        0.00000  8.109           5.84     8.11
Ta181   Rotational   181    73   108   p   65.0    0.00530      11.34     190.12     1.745392   4.426596        0.00000   5.132           4.76     5.13
 Se82  Vibrational    82    34    48   p   16.0    0.00350      29.90      91.16     1.266686   7.183043        0.00000   9.064           7.29     9.06
Sn120  Vibrational   120    50    70   p   10.0    0.00284       1.89       8.68     1.24488   7.92936        0.00000   8.788           8.03     8.79
  C12  Vibrational    12     6     6   n   24.1    0.03520      33.84    2294.61     4.7534   3.37907        1.976   5.748           5.83     6.08
 W184   Rotational   184    74   110   p   16.0    0.00223      33.66     270.44     2.696804   7.618112        0.00000   10.08           8.08    10.08
 Se82  Vibrational    82    34    48   p   35.0    0.00349       8.59     156.10     1.45219   6.02762        0.00000   6.938           6.20     6.94
  C12  Vibrational    12     6     6   n   35.0    0.03342      19.04    1157.13     2.60428   3.33397        -0.2604   5.075           4.23     5.08
 Zn64  Vibrational    64    30    34   p  100.0    0.00357      62.15     111.02     0.459087   1.392504        0.00000   1.612           1.47     1.61
 W184   Rotational   184    74   110   p   35.0    0.00218     176.57     240.89     2.40026   7.059787        0.00000   8.455           7.46     8.46
  C12  Vibrational    12     6     6   n   50.0    0.03204      43.63     544.00     1.86611   2.69747        -0.1958   3.887           3.28     3.89
 Se82  Vibrational    82    34    48   p   50.0    0.00349       4.55     170.16     1.02057   4.60154        0.00000   5.165           4.71     5.17
 Zn64  Vibrational    64    30    34   p   20.4    0.00359      17.82     182.86     1.41613   6.02637        0.00000   7.906           6.19     7.91
Ta181   Rotational   181    73   108   p   80.0    0.00530      13.01     170.07     1.438085   3.424201        0.00000   3.940           3.71     3.94
  C12  Vibrational    12     6     6   n   65.0    0.03122     100.63     342.83     1.226473   1.904006        -0.1501   2.739           2.26     2.74
 Se82  Vibrational    82    34    48   p   65.0    0.00349       3.53     164.75     0.83545   3.40386        0.00000   3.778           3.50     3.78
 Ti48  Vibrational    48    22    26   p   10.0    0.00480      12.98      62.19     1.358452   6.973792        0.00000   8.290           7.10     8.29
 Zn64  Vibrational    64    30    34   p   35.0    0.00358      12.84     237.85     1.23011   5.34933        0.00000   6.268           5.49     6.27
Sn120  Vibrational   120    50    70   p  100.0    0.00280      32.88      63.09     0.39048   1.99151        0.00000   2.046           2.03     2.05
 Ti48  Vibrational    48    22    26   p  100.0    0.00480      21.56      27.84     0.2828814   1.520874        0.00000   1.635           1.55     1.64
 W184   Rotational   184    74   110   p   50.0    0.00217      98.50     370.89     2.03718   5.42237        0.00000   6.671           5.79     6.67
  C12  Vibrational    12     6     6   n   80.0    0.03068     378.90    1829.90     0.4490138   1.00898        -0.1236   1.695           1.10     1.70
 Zn64  Vibrational    64    30    34   p   50.0    0.00358       4.59     238.87     1.00251   4.09894        0.00000   4.663           4.22     4.66
Sn120  Vibrational   120    50    70   p   16.0    0.00283      10.03      37.16     1.513549   7.989501        0.00000   9.097           8.13     9.10
 Ti48  Vibrational    48    22    26   p   16.0    0.00480       5.51      96.56     1.00699   7.18777        0.00000   8.366           7.26     8.37
 Ca40  Vibrational    40    20    20   n   10.0    0.01517      53.56     139.60     1.15029   6.18373        0.00000   6.690           6.29     6.69
 Se82  Vibrational    82    34    48   p   80.0    0.00349      11.27     135.85     0.63628   2.49771        0.00000   2.746           2.58     2.75
 Ti48  Vibrational    48    22    26   p   35.0    0.00480       2.35      76.00     0.877   5.98922        0.00000   6.364           6.05     6.36
 Ca44  Vibrational    44    20    24   n   15.6    0.00654       6.88     302.56     1.60194   5.54611        0.00000   6.919           5.77     6.92
 Zn64  Vibrational    64    30    34   p   65.0    0.00357       9.04     203.54     0.75069   3.03934        0.00000   3.411           3.13     3.41
 Ti48  Vibrational    48    22    26   p   50.0    0.00480       2.91      63.59     0.64191   4.51504        0.00000   4.733           4.56     4.73
Sn120  Vibrational   120    50    70   p   20.4    0.00282      13.51      33.86     1.32208   8.2081        0.00000   8.871           8.31     8.87
 Ca40  Vibrational    40    20    20   n  100.0    0.01517      34.45     146.81     0.7454458   1.206053        0.00000   1.429           1.42     1.43
 W184   Rotational   184    74   110   p   65.0    0.00217     170.35     405.25     1.14676   4.48498        0.00000   5.163           4.63     5.16
 Ca44  Vibrational    44    20    24   n   22.9    0.00654       4.84     288.85     1.35877   5.46738        0.00000   6.315           5.63     6.32
 Ti48  Vibrational    48    22    26   p   65.0    0.00480       1.95      52.45     0.57963   3.33076        0.00000   3.462           3.38     3.46
Gd158   Rotational   158    64    94   p   80.0    0.00709      95.04     593.31     2.21325   2.53077        0.00000   3.431           3.36     3.43
 Ca40  Vibrational    40    20    20   n   14.6    0.01517      91.29     260.44     1.202593   5.9382        0.00000   6.657           6.06     6.66
 Zn64  Vibrational    64    30    34   p   80.0    0.00357      11.24     153.14     0.62742   2.22954        0.00000   2.479           2.32     2.48
 Ca40  Vibrational    40    20    20   n   17.3    0.01517      98.50     369.64     1.805956   5.447259        0.00000   6.531           5.74     6.53
 Ti48  Vibrational    48    22    26   p   80.0    0.00480      11.32      35.84     0.3570774   2.34254        0.00000   2.515           2.37     2.52
Sn120  Vibrational   120    50    70   p   35.0    0.00281       8.91      74.35     1.24144   6.5732        0.00000   7.264           6.69     7.26
 Ca44  Vibrational    44    20    24   n   35.0    0.00654       3.12     250.59     0.86867   4.62104        0.00000   5.107           4.70     5.11
 Ca40  Vibrational    40    20    20   n   35.0    0.01517      18.88     671.44     1.673976   4.102777        0.00000   5.081           4.43     5.08
Tl205   Rotational   205    81   124   p   10.0    0.00134       0.06       1.20     -0.56519  10.22512        0.00000  9.464          10.24     9.46
Ho165   Rotational   165    67    98   p   10.0    0.00719       2.67     188.17     3.86699   6.91373        0.00000   9.285           7.92     9.29
 Ca44  Vibrational    44    20    24   n   50.0    0.00654       2.06     169.96     0.6712   3.47397        0.00000   3.783           3.54     3.78
 Ca40  Vibrational    40    20    20   n   50.0    0.01517      15.88     456.24     1.367895   3.18492        0.00000   3.859           3.47     3.86
 Zr94  Vibrational    94    40    54   p   10.0    0.00382      30.70     141.50     3.236462   8.084723        0.00000   8.720           8.71     8.72
Sn120  Vibrational   120    50    70   p   50.0    0.00281       3.89      92.59     0.93109   5.11756        0.00000   5.539           5.20     5.54
 Ca44  Vibrational    44    20    24   n   65.0    0.00654       1.79     113.00     0.61933   2.55443        0.00000   2.763           2.63     2.76
 Ca40  Vibrational    40    20    20   n   65.0    0.01517      24.57     280.15     1.190678   2.414509        0.00000   2.883           2.69     2.88
 W184   Rotational   184    74   110   p   80.0    0.00216     332.26     422.61     0.5798   3.73476        0.00000   3.967           3.78     3.97
 Ca40  Vibrational    40    20    20   n   80.0    0.01517      15.45     179.10     1.054269   1.7923        0.00000   2.138           2.08     2.14
 Ca44  Vibrational    44    20    24   n   80.0    0.00654       8.57      73.58     0.51257   1.86093        0.00000   2.006           1.93     2.01
Tl205   Rotational   205    81   124   p  100.0    0.00134      15.93      42.98     0.393   2.80715        0.00000   2.857           2.83     2.86
 Ca44  Vibrational    44    20    24   n   10.0    0.00654      26.04     709.29     1.86814   5.02389        0.00000   7.070           5.36     7.07
 Zr94  Vibrational    94    40    54   p  100.0    0.00378      28.31     100.26     0.5726   1.61967        0.00000   1.759           1.72     1.76
Sn120  Vibrational   120    50    70   p   65.0    0.00280       3.54      85.52     0.72785   3.87584        0.00000   4.139           3.94     4.14
Cd112  Vibrational   112    48    64   n   10.0    0.00363      37.18    1455.94     1.12239   3.82572        0.00000   6.600           3.99     6.60
Tl205   Rotational   205    81   124   p   19.6    0.00134       2.78       4.33     0.53233   9.81883        0.00000   10.17           9.83    10.17
 Zr94  Vibrational    94    40    54   p   19.4    0.00380      18.37      54.59     1.50041   7.49658        0.00000   8.680           7.65     8.68
 Ca44  Vibrational    44    20    24   n  100.0    0.00654      16.22      53.67     0.4642346   1.111847        0.00000   1.304           1.20     1.30
Yb172   Rotational   172    70   102   p   10.0    0.00599       2.22     253.02     4.546061   8.103019        0.00000   9.322           9.29     9.32
Ho165   Rotational   165    67    98   p  100.0    0.00719      47.52     166.18     0.99227   2.21459        0.00000   2.518           2.43     2.52
 Zr94  Vibrational    94    40    54   p   35.0    0.00379       7.39     152.69     1.4456   5.87615        0.00000   6.830           6.05     6.83
 Fe54  Vibrational    54    26    28   n   35.0    0.00495       5.46     418.76     0.88166   4.44055        0.00000   5.192           4.53     5.19
Sn120  Vibrational   120    50    70   p   80.0    0.00280       7.41      74.75     0.5876133   2.811635        0.00000   3.068           2.87     3.07
Tl205   Rotational   205    81   124   p   35.0    0.00134      14.46      18.54     0.58383   8.37249        0.00000   8.627           8.39     8.63
Cd112  Vibrational   112    48    64   n  100.0    0.00359       8.96     179.05     0.54024   1.02922        0.00000   1.280           1.16     1.28
Ho165   Rotational   165    67    98   p   16.0    0.00719      29.02      59.64     3.653085   6.460774        0.00000   9.842           7.42     9.84
 Fe54  Vibrational    54    26    28   n   50.0    0.00495       3.82     357.65     0.69459   3.31132        0.00000   3.801           3.38     3.80
 Zr94  Vibrational    94    40    54   p   50.0    0.00379       3.86     172.38     1.03095   4.49499        0.00000   5.086           4.61     5.09
Cd112  Vibrational   112    48    64   n   22.3    0.00360      16.33     622.30     1.48374   4.51899        0.00000   6.168           4.76     6.17
 Fe54  Vibrational    54    26    28   n   65.0    0.00495       3.31     235.70     0.58574   2.40998        0.00000   2.750           2.48     2.75
Ta181   Rotational   181    73   108   p   10.0    0.00530       0.79      43.86     2.47419   9.16624        0.00000   9.395           9.49     9.39
Ho165   Rotational   165    67    98   n   65.0    0.00719       6.15     675.87     1.65508   2.26263        0.00000   3.247           2.80     3.25
 Zr94  Vibrational    94    40    54   p   65.0    0.00378       3.20     161.88     0.8426   3.33403        0.00000   3.721           3.44     3.72
Cd112  Vibrational   112    48    64   n   35.0    0.00360       9.19     492.76     1.31405   3.84873        0.00000   4.985           4.07     4.99
 Fe54  Vibrational    54    26    28   n   80.0    0.00495       5.36     159.15     0.51879   1.73389        0.00000   1.980           1.81     1.98
Ho165   Rotational   165    67    98   p   35.0    0.00719      92.81     221.10     3.905652   6.269096        0.00000   8.091           7.39     8.09
 Zr94  Vibrational    94    40    54   p   80.0    0.00378       5.01     130.15     0.72061   2.4452        0.00000   2.704           2.55     2.70
Yb172   Rotational   172    70   102   p  100.0    0.00599     476.57     791.17     -0.54951  2.40387        0.00000  2.650           2.47     2.65
Cd112  Vibrational   112    48    64   n   50.0    0.00359       3.02     443.54     1.05218   2.93484        0.00000   3.705           3.12     3.71
Ho165   Rotational   165    67    98   n   80.0    0.00719       6.48     494.87     1.23882   1.7439        0.00000   2.463           2.14     2.46
Ho165   Rotational   165    67    98   p   50.0    0.00719      24.22     279.55     2.796488   5.057378        0.00000   6.302           5.78     6.30
  C12  Vibrational    12     6     6   n  100.0    0.03020     187.01     363.52     0.3708644   0.4445066        -0.1177   0.5703           0.58     0.58
Cd112  Vibrational   112    48    64   n   65.0    0.00359       2.72     354.37     0.80131   2.17063        0.00000   2.709           2.31     2.71
 Ne20  Vibrational    20    10    10   n  100.0    0.04510     663.58     798.46     0.4279   0.50982        -0.04436   0.9659           0.67     0.97
  P31   Rotational    31    15    16   n   17.5    0.00380       2.04      73.47     0.80903   6.77288        0.00000   7.198           6.82     7.20
Gd158   Rotational   158    64    94   n   10.0    0.00709     191.80    3638.85     6.128508   0.4878442        0.00000   6.376           6.15     6.38
 Ne20  Vibrational    20    10    10   n   35.2    0.04510      44.93    1679.10     4.096423   3.642691        -0.1861   5.455           5.48     5.46
  P31   Rotational    31    15    16   n   50.0    0.00380       0.72      25.98     0.35519   3.93146        0.00000   3.999           3.95     4.00
Yb172   Rotational   172    70   102   p   16.0    0.00599      36.20     141.75     4.39579   6.63035        0.00000   9.931           7.96     9.93
Cd112  Vibrational   112    48    64   n   80.0    0.00359       3.85     263.54     0.66393   1.58279        0.00000   1.968           1.72     1.97
 Ne20  Vibrational    20    10    10   n   50.0    0.04510      74.24     855.99     3.06915   3.035972        -0.1224   4.283           4.32     4.28
  P31   Rotational    31    15    16   n   65.0    0.00380       1.92      16.89     0.30378   2.89157        0.00000   2.920           2.91     2.92
Ta181   Rotational   181    73   108   p  100.0    0.00530      31.17     123.95     1.15602   2.51015        0.00000   2.757           2.76     2.76
Ho165   Rotational   165    67    98   p   65.0    0.00719      15.80     295.83     2.05559   4.03732        0.00000   4.817           4.53     4.82
 Fe54  Vibrational    54    26    28   n   10.0    0.00496      80.58     626.53     1.17685   5.07265        0.00000   7.588           5.21     7.59
  P31   Rotational    31    15    16   n   80.0    0.00380       2.38      12.80     0.26812   2.11204        0.00000   2.120           2.13     2.12
 Ne20  Vibrational    20    10    10   n   65.0    0.04510     246.30     564.18     2.3913   2.34311        -0.07680   3.135           3.35     3.14
 Se82  Vibrational    82    34    48   n   80.0    0.00349       4.10     221.46     0.52141   1.59158        0.00000   1.870           1.67     1.87
Pd104  Vibrational   104    46    58   n   10.0    0.00482      23.71    1518.60     1.54308   4.03382        0.00000   6.822           4.32     6.82
 Fe54  Vibrational    54    26    28   n  100.0    0.00494      23.34     103.15     0.3392   1.12171        0.00000   1.273           1.17     1.27
Pd110  Vibrational   110    46    64   n   50.0    0.00680       9.15     747.41     1.63021   2.55713        0.00000   3.610           3.03     3.61
Yb172   Rotational   172    70   102   p   35.0    0.00599     201.47     338.66     3.5436   6.36046        0.00000   8.251           7.28     8.25
 Si28  Vibrational    28    14    14   n   10.0    0.00868      81.21     984.59     1.42524   4.08868        0.00000   6.816           4.33     6.82
 Ne20  Vibrational    20    10    10   n   80.0    0.04510    1943.42    3229.33     1.142796   0.906404        -0.05021   2.090           1.46     2.09
Pd104  Vibrational   104    46    58   n  100.0    0.00482      12.45     151.49     0.6191641   1.001929        0.00000   1.314           1.18     1.31
 Fe54  Vibrational    54    26    28   n   17.9    0.00496      16.67     370.35     1.59692   5.47926        0.00000   7.044           5.71     7.04
Pd104  Vibrational   104    46    58   n   15.0    0.00482      45.20     759.53     2.63656   5.00738        0.00000   6.840           5.66     6.84
 Si28  Vibrational    28    14    14   n  100.0    0.00717      27.63      70.39     0.4458   1.06639        0.00000   1.194           1.16     1.19
Pd110  Vibrational   110    46    64   n   65.0    0.00680      10.27     613.97     1.253485   1.791941        0.00000   2.640           2.19     2.64
Os190   Rotational   190    76   114   n   10.0    0.00340      97.59    3408.59     2.176142   2.108383        0.00000   6.360           3.03     6.36
Yb172   Rotational   172    70   102   p   50.0    0.00599      53.75     392.16     2.804559   4.952332        0.00000   6.474           5.69     6.47
Sm154   Rotational   154    62    92   n   10.0    0.00439      64.00    1868.26     4.695297   2.934664        0.00000   6.297           5.54     6.30
Pd104  Vibrational   104    46    58   n   22.0    0.00482       9.45     548.04     1.41219   4.85121        0.00000   6.371           5.05     6.37
 Si28  Vibrational    28    14    14   n   14.2    0.00829      37.30     675.60     1.236812   4.505973        0.00000   6.586           4.67     6.59
 Si28  Vibrational    28    14    14   n   17.5    0.00809      25.55     546.22     1.620422   4.724616        0.00000   6.320           4.99     6.32
Pd104  Vibrational   104    46    58   n   35.0    0.00482       7.96     390.80     1.35366   4.15503        0.00000   5.122           4.37     5.12
Pd110  Vibrational   110    46    64   n   80.0    0.00680      13.46     464.91     1.057642   1.268159        0.00000   1.918           1.65     1.92
 Si28  Vibrational    28    14    14   n   50.0    0.00740       6.03     237.28     0.74628   2.98451        0.00000   3.444           3.08     3.44
Yb172   Rotational   172    70   102   p   65.0    0.00599      45.79     417.98     2.136109   3.960489        0.00000   4.985           4.50     4.99
Os190   Rotational   190    76   114   n  100.0    0.00340      34.45     173.50     0.52886   1.57366        0.00000   1.858           1.66     1.86
Pd104  Vibrational   104    46    58   n   50.0    0.00482       3.17     354.96     1.13352   3.1455        0.00000   3.805           3.34     3.81
Pt194   Rotational   194    78   116   n   10.0    0.00205      95.85    1703.74     -1.59161  4.27196        0.00000  6.379           4.56     6.38
Sm154   Rotational   154    62    92   n  100.0    0.00439     147.58     413.92     0.93762   1.03171        0.00000   1.470           1.39     1.47
 Si28  Vibrational    28    14    14   n   65.0    0.00730       8.94     156.49     0.67375   2.21522        0.00000   2.517           2.32     2.52
Pd104  Vibrational   104    46    58   n   65.0    0.00482       3.19     290.40     0.88417   2.3202        0.00000   2.781           2.48     2.78
Os190   Rotational   190    76   114   n   16.0    0.00340      90.62    1004.89     3.290403   4.705742        0.00000   6.759           5.74     6.76
Pt194   Rotational   194    78   116   n  100.0    0.00205      21.33     233.98     0.56918   1.46121        0.00000   1.875           1.57     1.88
 Si28  Vibrational    28    14    14   n   80.0    0.00723      18.81     101.87     0.53847   1.61598        0.00000   1.831           1.70     1.83
Sm154   Rotational   154    62    92   n   16.0    0.00439      78.56    1316.78     3.246844   3.80034        0.00000   6.481           5.00     6.48
Pd104  Vibrational   104    46    58   n   80.0    0.00482       5.13     220.13     0.73621   1.69225        0.00000   2.021           1.85     2.02
Pt194   Rotational   194    78   116   n   16.0    0.00205     104.27    1274.33     0.9227457   4.533654        0.00000   6.797           4.63     6.80
Sm148   Rotational   148    62    86   n   10.0    0.00266      32.10    1037.16     1.85601   4.58691        0.00000   6.495           4.95     6.50
Os190   Rotational   190    76   114   n   35.0    0.00340      39.67     432.21     1.97551   4.42262        0.00000   5.639           4.84     5.64
Gd158   Rotational   158    64    94   n  100.0    0.00709     216.86     695.86     0.86569   0.90854        0.00000   1.559           1.25     1.56
Pt194   Rotational   194    78   116   n   35.0    0.00205      52.99     609.18     1.28642   4.07715        0.00000   5.682           4.28     5.68
Sm148   Rotational   148    62    86   n  100.0    0.00266       9.19     110.39     0.5061825   1.127919        0.00000   1.423           1.24     1.42
Sm154   Rotational   154    62    92   n   35.0    0.00439      87.74     732.94     2.71628   3.54293        0.00000   5.126           4.46     5.13
Ta181   Rotational   181    73   108   n  100.0    0.00530      13.61     212.72     0.81605   1.46602        0.00000   1.844           1.68     1.84
Os190   Rotational   190    76   114   n   50.0    0.00340      14.80     338.21     1.67799   3.53298        0.00000   4.450           3.91     4.45
Sm148   Rotational   148    62    86   n   16.0    0.00266      42.26     570.78     1.831486   5.212322        0.00000   6.640           5.52     6.64
Pd110  Vibrational   110    46    64   n   10.0    0.00680     113.67    2932.57     2.103942   2.043745        0.00000   6.442           2.93     6.44
Pt194   Rotational   194    78   116   n   50.0    0.00205      15.16     474.32     1.28712   3.30184        0.00000   4.486           3.54     4.49
Sm148   Rotational   148    62    86   n   24.5    0.00266      22.06     335.53     1.62879   5.11206        0.00000   6.117           5.37     6.12
Sm154   Rotational   154    62    92   n   50.0    0.00439      51.31     700.27     2.21447   2.67071        0.00000   3.913           3.47     3.91
Pt194   Rotational   194    78   116   n   65.0    0.00205       7.88     374.79     0.98351   2.63534        0.00000   3.475           2.81     3.48
Os190   Rotational   190    76   114   n   65.0    0.00340       6.72     283.03     1.067437   2.688801        0.00000   3.446           2.89     3.45
Ta181   Rotational   181    73   108   n   22.2    0.00530      51.17    1161.82     2.24597   4.48917        0.00000   6.603           5.02     6.60
Sm148   Rotational   148    62    86   n   35.0    0.00266       8.29     246.63     1.21679   4.35231        0.00000   5.177           4.52     5.18
Pd110  Vibrational   110    46    64   n  100.0    0.00680      25.18     321.04     0.8869302   0.7735902        0.00000   1.247           1.18     1.25
Pt194   Rotational   194    78   116   n   80.0    0.00205       7.77     299.21     0.77179   2.06042        0.00000   2.673           2.20     2.67
Os190   Rotational   190    76   114   n   80.0    0.00340      12.15     228.12     0.7599831   2.081183        0.00000   2.650           2.22     2.65
Sm148   Rotational   148    62    86   n   50.0    0.00266       3.02     221.14     0.99162   3.32676        0.00000   3.912           3.47     3.91
Sm154   Rotational   154    62    92   n   65.0    0.00439      74.78     611.82     1.50406   2.03572        0.00000   2.935           2.53     2.94
Gd158   Rotational   158    64    94   n   20.0    0.00709     391.78    2026.61     6.123459   2.972208        0.00000   6.446           6.81     6.45
 Se82  Vibrational    82    34    48   n   10.0    0.00350      27.78    1496.95     1.10126   3.74326        0.00000   6.421           3.90     6.42
  P31   Rotational    31    15    16   n   10.0    0.00380       4.47     105.37     0.70486   6.70839        0.00000   7.532           6.75     7.53
Pd110  Vibrational   110    46    64   n   22.0    0.00680      36.99    1193.96     2.206482   3.513918        0.00000   6.038           4.15     6.04
Ta181   Rotational   181    73   108   n   35.0    0.00530      34.50     664.24     2.74856   4.17702        0.00000   5.641           5.00     5.64
  P31   Rotational    31    15    16   n  100.0    0.00380       9.07       9.62     0.17963   1.3926        0.00000   1.378           1.40     1.38
Sm148   Rotational   148    62    86   n   65.0    0.00266       3.20     183.31     0.7403   2.49148        0.00000   2.906           2.60     2.91
 Se82  Vibrational    82    34    48   n  100.0    0.00349      12.23     140.24     0.4323218   0.9403616        0.00000   1.215           1.03     1.22
Sm154   Rotational   154    62    92   n   80.0    0.00439     105.30     501.46     1.1262   1.52973        0.00000   2.187           1.90     2.19
Tl205   Rotational   205    81   124   n   35.0    0.00134      12.76      91.11     0.94327   5.19855        0.00000   5.613           5.28     5.61
 Se82  Vibrational    82    34    48   n   16.0    0.00350      28.58     892.31     1.50126   4.43984        0.00000   6.344           4.69     6.34
Pd110  Vibrational   110    46    64   n   35.0    0.00680      21.50     820.36     2.02629   3.32541        0.00000   4.859           3.89     4.86
Sm148   Rotational   148    62    86   n   80.0    0.00266       5.07     145.54     0.59634   1.84535        0.00000   2.144           1.94     2.14
Sn120  Vibrational   120    50    70   n   10.0    0.00284      17.29     645.00     1.08012   5.00788        0.00000   6.578           5.12     6.58
Tl205   Rotational   205    81   124   n   50.0    0.00134       3.65      68.81     0.76292   4.10442        0.00000   4.436           4.17     4.44
 Se82  Vibrational    82    34    48   n   35.0    0.00349       3.94     464.12     1.10711   3.87329        0.00000   4.748           4.03     4.75
Ta181   Rotational   181    73   108   n   50.0    0.00530      11.25     490.77     2.33706   3.3677        0.00000   4.442           4.10     4.44
 Se82  Vibrational    82    34    48   n   50.0    0.00349       2.20     396.94     0.7604   2.95726        0.00000   3.523           3.05     3.52
Gd158   Rotational   158    64    94   n   35.0    0.00709     194.37    1516.36     4.570924   2.44171        0.00000   5.270           5.18     5.27
Tl205   Rotational   205    81   124   n   65.0    0.00134       0.73      59.57     0.56395   3.20111        0.00000   3.438           3.25     3.44
Sn120  Vibrational   120    50    70   n  100.0    0.00280       7.32      67.43     0.3625051   1.364796        0.00000   1.566           1.41     1.57
Yb172   Rotational   172    70   102   n   65.0    0.00599      42.34     796.94     1.623612   2.085668        0.00000   3.379           2.64     3.38
 Se82  Vibrational    82    34    48   n   65.0    0.00349       2.80     305.40     0.59718   2.18234        0.00000   2.574           2.26     2.57
Ta181   Rotational   181    73   108   n   65.0    0.00530       4.41     400.29     1.47388   2.65132        0.00000   3.434           3.03     3.43
Tl205   Rotational   205    81   124   n   80.0    0.00134       0.86      52.14     0.42445   2.48099        0.00000   2.646           2.52     2.65
Sn120  Vibrational   120    50    70   n   16.0    0.00283      20.90     333.17     1.41677   5.84536        0.00000   6.888           6.01     6.89
Dy164   Rotational   164    66    98   n   10.0    0.00711     469.98    3966.25     2.4599   0.02732        0.00000   6.387           2.46     6.39
 Mg24  Vibrational    24    12    12   n   65.0    0.00817      13.10     150.34     0.66815   2.71884        0.00000   3.005           2.80     3.00
Sn120  Vibrational   120    50    70   n   20.4    0.00282       8.32     225.07     0.96697   5.75661        0.00000   6.744           5.84     6.74
Yb172   Rotational   172    70   102   n   80.0    0.00599     108.41     638.77     0.88218   1.77464        0.00000   2.582           1.98     2.58
 Mg24  Vibrational    24    12    12   n   80.0    0.00817      26.17     128.11     0.5734253   1.932737        0.00000   2.182           2.02     2.18
 W184   Rotational   184    74   110   n   10.0    0.00227     394.25    5553.90     4.03592   0.3697        0.00000   6.412           4.05     6.41
 Zn64  Vibrational    64    30    34   n   10.0    0.00362     100.18    1962.95     1.898256   3.391933        0.00000   7.277           3.89     7.28
Sn120  Vibrational   120    50    70   n   35.0    0.00281       5.20     177.14     0.90925   4.91336        0.00000   5.549           5.00     5.55
 Mg26  Vibrational    26    12    14   n   10.0    0.00823     128.10    1269.76     2.02777   3.87901        0.00000   7.185           4.38     7.18
Ta181   Rotational   181    73   108   n   80.0    0.00530       5.12     309.82     1.08092   2.06142        0.00000   2.636           2.33     2.64
 Zn64  Vibrational    64    30    34   n  100.0    0.00357      17.91     164.17     0.42392   1.13864        0.00000   1.360           1.21     1.36
Dy164   Rotational   164    66    98   n  100.0    0.00711     518.62     799.31     -0.21569  1.30283        0.00000  1.664           1.32     1.66
 Mg26  Vibrational    26    12    14   n  100.0    0.00823      30.80      64.50     0.28918   1.21336        0.00000   1.310           1.25     1.31
 Ti48  Vibrational    48    22    26   n   10.0    0.00480      13.20     564.11     1.14652   5.37204        0.00000   7.127           5.49     7.13
Sn120  Vibrational   120    50    70   n   50.0    0.00281       1.78     156.02     0.66063   3.82151        0.00000   4.237           3.88     4.24
 Zn64  Vibrational    64    30    34   n   20.4    0.00359      25.43     568.26     2.44723   4.87989        0.00000   6.800           5.46     6.80
 Ti48  Vibrational    48    22    26   n  100.0    0.00480      13.37      35.72     0.33135   1.25714        0.00000   1.318           1.30     1.32
 Mg26  Vibrational    26    12    14   n   35.0    0.00823      20.27     448.22     0.9487   4.38854        0.00000   5.138           4.49     5.14
Gd158   Rotational   158    64    94   n   50.0    0.00709      55.68    1369.77     3.63028   1.9172        0.00000   4.052           4.11     4.05
Dy164   Rotational   164    66    98   n   35.0    0.00711     176.88    1573.15     4.612433   2.461274        0.00000   5.393           5.23     5.39
 Zn64  Vibrational    64    30    34   n   35.0    0.00358       6.77     509.70     1.27544   4.31646        0.00000   5.320           4.50     5.32
 W184   Rotational   184    74   110   n  100.0    0.00216     508.46     622.01     -0.48751  1.65585        0.00000  1.851           1.73     1.85
 Ti48  Vibrational    48    22    26   n   16.0    0.00480       7.31     176.65     1.57855   6.01429        0.00000   6.958           6.22     6.96
Sn120  Vibrational   120    50    70   n   65.0    0.00280       1.56     126.25     0.51163   2.8889        0.00000   3.168           2.93     3.17
 Ti48  Vibrational    48    22    26   n   35.0    0.00480       1.96     161.14     0.69941   4.78454        0.00000   5.160           4.84     5.16
 Mg26  Vibrational    26    12    14   n   50.0    0.00823      12.02     271.17     0.74908   3.32313        0.00000   3.804           3.41     3.80
 Zn64  Vibrational    64    30    34   n   50.0    0.00358       4.97     484.83     0.75442   3.30376        0.00000   3.944           3.39     3.94
 W184   Rotational   184    74   110   n   16.0    0.00223     270.46    2227.87     2.930301   2.341659        0.00000   6.788           3.75     6.79
Dy164   Rotational   164    66    98   n   50.0    0.00711      50.14    1354.26     3.72168   1.932811        0.00000   4.188           4.19     4.19
 Ti48  Vibrational    48    22    26   n   50.0    0.00480       1.32     117.04     0.5433   3.59021        0.00000   3.823           3.63     3.82
Sn120  Vibrational   120    50    70   n   80.0    0.00280       1.71      97.13     0.43134   2.16283        0.00000   2.348           2.21     2.35
 Mg26  Vibrational    26    12    14   n   65.0    0.00823      10.57     186.80     0.6971   2.46497        0.00000   2.777           2.56     2.78
 Ti48  Vibrational    48    22    26   n   65.0    0.00480       1.82      77.59     0.47528   2.64178        0.00000   2.792           2.68     2.79
 Zn64  Vibrational    64    30    34   n   65.0    0.00357       4.46     377.26     0.61089   2.42765        0.00000   2.881           2.50     2.88
 Ti48  Vibrational    48    22    26   n   80.0    0.00480       4.14      53.63     0.402   1.92879        0.00000   2.027           1.97     2.03
 W184   Rotational   184    74   110   n   35.0    0.00218     188.57    1354.28     3.36757   3.05959        0.00000   5.643           4.55     5.64
 Mg26  Vibrational    26    12    14   n   80.0    0.00823      29.37     122.69     0.5153123   1.742672        0.00000   2.016           1.82     2.02
 Zn64  Vibrational    64    30    34   n   80.0    0.00357       7.82     258.13     0.52228   1.76183        0.00000   2.092           1.84     2.09
Tl205   Rotational   205    81   124   n   10.0    0.00134       9.99    1014.71     1.09064   4.72187        0.00000   6.227           4.85     6.23
Dy164   Rotational   164    66    98   n   65.0    0.00711      74.62    1172.93     1.988374   1.62211        0.00000   3.195           2.57     3.19
Ta181   Rotational   181    73   108   n   10.0    0.00530      79.93    5823.24     2.24695   2.4749        0.00000   6.436           3.34     6.44
 Zr94  Vibrational    94    40    54   n   10.0    0.00382      84.73    1422.44     2.30166   4.09373        0.00000   6.576           4.70     6.58
 W184   Rotational   184    74   110   n   50.0    0.00217     206.71    1113.90     1.74774   2.66691        0.00000   4.447           3.19     4.45
Cd112  Vibrational   112    48    64   n    5.0    0.00367     119.14     865.77     -1.1217  2.23848        0.00000  5.877           2.50     5.88
Tl205   Rotational   205    81   124   n  100.0    0.00134       1.72      46.11     0.34084   1.75553        0.00000   1.857           1.79     1.86
Zr100  Vibrational   100    40    60   n   10.0    0.01067    1031.98    4927.04     15.81939   30.19555        0.00000   6.175          34.09     6.17
 Zr94  Vibrational    94    40    54   n  100.0    0.00378       6.88     140.56     0.47642   1.06565        0.00000   1.256           1.17     1.26
 Cr48  Vibrational    48    24    24   n    5.0    0.00133       4.81     191.00     0.29912   6.59168        0.00000   7.268           6.60     7.27
Gd158   Rotational   158    64    94   n   65.0    0.00709      50.60    1205.91     2.35613   1.51248        0.00000   3.062           2.80     3.06
Tl205   Rotational   205    81   124   n   19.6    0.00134       8.08     241.38     0.62032   5.79728        0.00000   6.639           5.83     6.64
Dy164   Rotational   164    66    98   n   80.0    0.00711     196.03     927.92     0.93399   1.47047        0.00000   2.421           1.74     2.42
 W184   Rotational   184    74   110   n   65.0    0.00217     219.99     957.13     0.1237772   2.172349        0.00000   3.441           2.18     3.44
 Zr94  Vibrational    94    40    54   n   19.4    0.00380      24.70     506.39     1.61852   4.89767        0.00000   6.314           5.16     6.31
Sm154   Rotational   154    62    92   n    5.0    0.00439     218.04    7698.86     6.702348   2.264853        0.00000   5.337           7.07     5.34
 Cr48  Vibrational    48    24    24   n   10.0    0.00133       1.14      58.52     0.40297   7.31467        0.00000   7.775           7.33     7.78
Zr100  Vibrational   100    40    60   n  100.0    0.01067     303.31    2101.18     1.1012   0.09481        0.00000   1.185           1.11     1.19
 Zr94  Vibrational    94    40    54   n   35.0    0.00379       5.75     464.60     1.21267   3.94631        0.00000   4.903           4.13     4.90
Sn120  Vibrational   120    50    70   n    5.0    0.00288      41.90     873.61     1.01216   3.46896        0.00000   5.468           3.61     5.47
 Cr48  Vibrational    48    24    24   n  100.0    0.00133       1.75       3.99     0.08434   1.48132        0.00000   1.438           1.48     1.44
 W184   Rotational   184    74   110   n   80.0    0.00216     317.73     764.67     -0.320683  1.836914        0.00000  2.643           1.86     2.64
 Zr94  Vibrational    94    40    54   n   50.0    0.00379       1.97     396.03     0.83944   3.01335        0.00000   3.640           3.13     3.64
Zr100  Vibrational   100    40    60   n   35.0    0.01067     384.04    4021.11     1.993751   0.2532833        0.00000   4.623           2.01     4.62
 Cr48  Vibrational    48    24    24   n   35.0    0.00133       0.24      14.11     0.21963   5.57592        0.00000   5.629           5.58     5.63
 Zr94  Vibrational    94    40    54   n   65.0    0.00378       1.43     302.93     0.66159   2.22937        0.00000   2.660           2.33     2.66
Ta181   Rotational   181    73   108   n    5.0    0.00530     357.19   22844.42     4.647552   0.4310595        0.00000   5.233           4.67     5.23
Yb172   Rotational   172    70   102   n   10.0    0.00599     639.59    4477.66     0.6203493   0.2718308        0.00000   6.495           0.68     6.50
 Cr48  Vibrational    48    24    24   n   50.0    0.00133       0.16      11.10     0.16611   4.16259        0.00000   4.171           4.17     4.17
Zr100  Vibrational   100    40    60   n   50.0    0.01067     116.68    4090.97     1.81888   0.45844        0.00000   3.433           1.88     3.43
 Ti48  Vibrational    48    22    26   n    5.0    0.00480      39.67    1432.44     1.86817   4.36717        0.00000   6.662           4.75     6.66
 Zr94  Vibrational    94    40    54   n   80.0    0.00378       2.49     218.34     0.56889   1.62986        0.00000   1.932           1.73     1.93
 Cr48  Vibrational    48    24    24   n   65.0    0.00133       0.23       7.61     0.14116   3.06312        0.00000   3.046           3.07     3.05
Tl205   Rotational   205    81   124   n    5.0    0.00134     426.27   10247.87     -0.83215  2.47874        0.00000  4.900           2.61     4.90
Zr100  Vibrational   100    40    60   n   65.0    0.01067     125.40    3751.45     1.590962   0.2043948        0.00000   2.509           1.60     2.51
Dy164   Rotational   164    66    98   n    5.0    0.00711    2094.31    8354.59     7.448529   -0.805694       0.00000   5.323           7.49     5.32
Yb172   Rotational   172    70   102   n  100.0    0.00599     327.42     528.98     -0.06265694  1.329675        0.00000  1.796           1.33     1.80
 Cr48  Vibrational    48    24    24   n   80.0    0.00133       0.36       5.46     0.11889   2.24622        0.00000   2.212           2.25     2.21
Gd158   Rotational   158    64    94   n   80.0    0.00709      90.14     961.71     1.58095   1.18232        0.00000   2.297           1.97     2.30
 Fe54  Vibrational    54    26    28   n    5.0    0.00498     301.98    1682.84     2.247335   3.261456        0.00000   7.402           3.96     7.40
 W184   Rotational   184    74   110   n    5.0    0.00239    1173.72   17146.35     2.731594   -0.4704348       0.00000   5.193           2.77     5.19
Zr100  Vibrational   100    40    60   n   80.0    0.01067     163.03    3009.50     1.525778   0.04432121        0.00000   1.823           1.53     1.82
 Mg24  Vibrational    24    12    12   n   10.0    0.00817      71.90     607.84     2.70359   4.92589        0.00000   7.785           5.62     7.79
Yb172   Rotational   172    70   102   n   16.0    0.00599     197.75    2121.16     4.25885   3.078745        0.00000   6.816           5.26     6.82
 Ca40  Vibrational    40    20    20   n    5.0    0.01517     106.23     350.09     2.62028   5.640814        0.00000   6.268           6.22     6.27
 Mg24  Vibrational    24    12    12   n  100.0    0.00817      40.88      63.72     0.2794391   1.268094        0.00000   1.418           1.30     1.42
Ho165   Rotational   165    67    98   n   10.0    0.00719      74.46    7493.19     3.7237   1.94496        0.00000   6.451           4.20     6.45
 Ca44  Vibrational    44    20    24   n    5.0    0.00654      80.46    1337.30     4.53442   3.98173        0.00000   6.626           6.03     6.63
 Mg24  Vibrational    24    12    12   n   35.0    0.00817      24.37     337.25     0.94869   4.89913        0.00000   5.561           4.99     5.56
Ho165   Rotational   165    67    98   n  100.0    0.00719      17.71     312.18     0.9332041   1.14518        0.00000   1.697           1.48     1.70
 Mg24  Vibrational    24    12    12   n   50.0    0.00817      15.76     208.01     0.73534   3.69862        0.00000   4.116           3.77     4.12
Yb172   Rotational   172    70   102   n    5.0    0.00599    3663.42    9231.94     3.810822   0.1986382        0.00000   5.348           3.82     5.35
Ho165   Rotational   165    67    98   n   16.0    0.00719     117.45    3573.67     4.420067   2.972697        0.00000   6.726           5.33     6.73
Gd158   Rotational   158    64    94   n    5.0    0.00709     969.79   16697.22     9.331233   -0.4788502       0.00000   5.368           9.34     5.37
Yb172   Rotational   172    70   102   n   35.0    0.00599      96.72    1153.05     3.733864   3.161781        0.00000   5.604           4.89     5.60
 Zn64  Vibrational    64    30    34   n    5.0    0.00367     462.78    1661.58     3.576071   3.199418        0.00000   6.730           4.80     6.73
Yb172   Rotational   172    70   102   n   50.0    0.00599      36.26     928.95     3.0005   2.578848        0.00000   4.391           3.96     4.39
Zr100  Vibrational   100    40    60   n    5.0    0.01067    6376.27   12720.93     -6.342252  6.896138        0.00000  5.556           9.37     5.56
Ho165   Rotational   165    67    98   n   35.0    0.00719      36.82    1126.72     3.62051   3.53986        0.00000   5.465           5.06     5.46
 Zr94  Vibrational    94    40    54   n    5.0    0.00386     200.28    3171.19     1.626   2.78031        0.00000   5.947           3.22     5.95
Ho165   Rotational   165    67    98   n    5.0    0.00719     400.72   22872.96     8.470467   0.05616601        0.00000   5.368           8.47     5.37
 Mg24  Vibrational    24    12    12   n    5.0    0.00817     112.36     249.86     2.01555   6.22392        0.00000   7.385           6.54     7.38
Ho165   Rotational   165    67    98   n   50.0    0.00719      18.07     862.82     2.6457   2.8836        0.00000   4.250           3.91     4.25
 Mg26  Vibrational    26    12    14   n    5.0    0.00823     214.66     644.07     4.18209   3.695915        0.00000   6.809           5.58     6.81
Os190   Rotational   190    76   114   n    5.0    0.00340     743.89   16173.31     3.011824   0.08740452        0.00000   5.110           3.01     5.11
  P31   Rotational    31    15    16   n    5.0    0.00380      36.83     346.98     0.69619   5.9996        0.00000   7.116           6.04     7.12
Pd104  Vibrational   104    46    58   n    5.0    0.00482     115.44    1452.88     0.22492   2.48057        0.00000   6.118           2.49     6.12
Pd110  Vibrational   110    46    64   n    5.0    0.00680     616.62    1510.71     4.613386   2.79259        0.00000   5.747           5.39     5.75
Pt194   Rotational   194    78   116   n    5.0    0.00205     161.79    4019.34     -3.99395  2.99916        0.00000  5.098           4.99     5.10
 Se82  Vibrational    82    34    48   n    5.0    0.00351     118.63    3493.47     2.57551   2.35819        0.00000   5.861           3.49     5.86
 Si28  Vibrational    28    14    14   n    5.0    0.00953     117.15     505.47     2.73811   4.10709        0.00000   6.766           4.94     6.77
Sm148   Rotational   148    62    86   n    5.0    0.00266      69.95    2737.15     0.48758   3.29522        0.00000   5.559           3.33     5.56

                                                Total Chi^2:     49217.02         399534.91   
