Element     Shape      A      Z    N  iso  Energy   Betas       Chi    Old_chi      Adj Variables       Org Variables    magnitudes - final - orig
------------------------------------------------------------------------------------------------------------------------------------------------------
  P31   Rotational    31    15    16   p   50.0    0.00380       1.23      16.23     0.3533   3.96        0.00000   4.489           3.98     4.49
 Ca44  Vibrational    44    20    24   p   22.9    0.00654       7.64     112.68     0.8092   6.995        0.00000   7.837           7.04     7.84
 Cr48  Vibrational    48    24    24   p   50.0    0.00133       0.59       3.99     0.1778   3.97        0.00000   4.369           3.97     4.37
 Fe54  Vibrational    54    26    28   p   50.0    0.00495       3.63     252.43     0.7322   3.346        0.00000   4.171           3.43     4.17
  C12  Vibrational    12     6     6   p  100.0    0.03020     181.28     394.81     1.399   -0.4124       -0.1177   0.5703           1.46     0.58
Zr100  Vibrational   100    40    60   p  100.0    0.01067     369.68    2271.68     2.86   0.1107        0.00000   1.841           2.86     1.84
  P31   Rotational    31    15    16   p   65.0    0.00380       5.10      14.47     0.3533   2.754        0.00000   3.282           2.78     3.28
Ho165   Rotational   165    67    98   p   80.0    0.00719      21.96     253.81     3.318   1.877        0.00000   3.656           3.81     3.66
 Ca44  Vibrational    44    20    24   p   35.0    0.00654       2.84     111.03     0.8092   5.561        0.00000   6.402           5.62     6.40
 Fe54  Vibrational    54    26    28   p   65.0    0.00495       5.21     180.61     0.732   2.2        0.00000   3.025           2.32     3.02
 Cr48  Vibrational    48    24    24   p   65.0    0.00133       1.61       2.93     0.1778   2.796        0.00000   3.195           2.80     3.19
  C12  Vibrational    12     6     6   p   20.0    0.03620      19.90    1508.88     3.796   4.653        1.976   5.729           6.00     6.06
  P31   Rotational    31    15    16   p   80.0    0.00380      10.99      10.72     0.3533   1.856        0.00000   2.385           1.89     2.38
Zr100  Vibrational   100    40    60   p   35.0    0.01067     246.96     554.25     2.86   5.415        0.00000   7.145           6.12     7.14
 Ca44  Vibrational    44    20    24   p   50.0    0.00654       5.48      96.82     0.8092   3.919        0.00000   4.761           4.00     4.76
 Cr48  Vibrational    48    24    24   p   80.0    0.00133       1.51       2.41     0.1778   1.922        0.00000   2.322           1.93     2.32
 Ne20  Vibrational    20    10    10   p  100.0    0.04510     400.88     622.21     3.022   -0.5038       -0.04436   0.9659           3.06     0.97
 Fe54  Vibrational    54    26    28   p   80.0    0.00495      13.07     124.19     0.7319   1.356        0.00000   2.180           1.54     2.18
  C12  Vibrational    12     6     6   p   24.1    0.03520      20.66    1532.83     3.745   4.686        1.976   5.748           6.00     6.08
Pd104  Vibrational   104    46    58   p   10.0    0.00482      16.05     135.10     1.345   7.261        0.00000   8.449           7.38     8.45
Zr100  Vibrational   100    40    60   p   50.0    0.01067     181.54    1069.70     2.86   3.591        0.00000   5.322           4.59     5.32
 Ne20  Vibrational    20    10    10   p   35.2    0.04510      41.82    1124.49     2.88   3.985        -0.1861   5.455           4.92     5.46
 Mg24  Vibrational    24    12    12   p   10.0    0.00817     105.05     170.34     0.6288   6.999        0.00000   7.680           7.03     7.68
 Ca44  Vibrational    44    20    24   p   65.0    0.00654       4.08      77.88     0.8092   2.64        0.00000   3.482           2.76     3.48
  C12  Vibrational    12     6     6   p   35.0    0.03342      13.66     929.30     1.418   4.041        -0.2604   5.075           4.28     5.08
Pd104  Vibrational   104    46    58   p  100.0    0.00482      34.63      98.66     1.345   0.5262        0.00000   1.713           1.44     1.71
 Ne20  Vibrational    20    10    10   p   50.0    0.04510      56.46     672.79     2.944   2.813        -0.1224   4.283           4.07     4.28
 Ca44  Vibrational    44    20    24   p   80.0    0.00654      12.16      57.83     0.8092   1.688        0.00000   2.530           1.87     2.53
 Mg24  Vibrational    24    12    12   p  100.0    0.00817      77.75     117.56     0.6288   0.8186        0.00000   1.499           1.03     1.50
Zr100  Vibrational   100    40    60   p   65.0    0.01067     254.23    1876.81     2.86   2.164        0.00000   3.894           3.59     3.89
  C12  Vibrational    12     6     6   p   50.0    0.03204      35.24     478.55     1.414   2.875        -0.1958   3.887           3.20     3.89
Gd158   Rotational   158    64    94   p   10.0    0.00709       4.21    1075.55     3.115   7.469        0.00000   9.211           8.09     9.21
Pd104  Vibrational   104    46    58   p   15.0    0.00482      28.74      67.85     1.345   7.49        0.00000   8.677           7.61     8.68
 Ne20  Vibrational    20    10    10   p   65.0    0.04510     188.68     509.51     2.989   1.665        -0.07680   3.135           3.42     3.14
Cd112  Vibrational   112    48    64   p   10.0    0.00363       7.22       9.41     1.095   7.572        0.00000   8.643           7.65     8.64
 Mg24  Vibrational    24    12    12   p   35.0    0.00817      22.90     198.48     0.6288   5.158        0.00000   5.839           5.20     5.84
  C12  Vibrational    12     6     6   p   65.0    0.03122      79.39     307.23     1.418   1.74        -0.1501   2.739           2.24     2.74
Zr100  Vibrational   100    40    60   p   80.0    0.01067     294.85    2338.67     2.86   1.1        0.00000   2.830           3.06     2.83
Pd104  Vibrational   104    46    58   p   22.0    0.00482      14.65      66.96     1.345   7.011        0.00000   8.198           7.14     8.20
 Mg24  Vibrational    24    12    12   p   50.0    0.00817      49.31     152.65     0.6288   3.659        0.00000   4.340           3.71     4.34
 Ne20  Vibrational    20    10    10   p   80.0    0.04510     980.97    1749.22     3.016   0.621        -0.05021   2.090           3.08     2.09
Cd112  Vibrational   112    48    64   p  100.0    0.00359      27.45     124.11     1.082   0.6968        0.00000   1.761           1.29     1.76
 Ca40  Vibrational    40    20    20   p   10.0    0.01517      66.49      81.80     1.731   4.93        0.00000   6.144           5.23     6.14
Pd104  Vibrational   104    46    58   p   35.0    0.00482      13.85     132.43     1.345   5.461        0.00000   6.649           5.62     6.65
  C12  Vibrational    12     6     6   p   80.0    0.03068     471.00    1962.20     1.418   0.7045        -0.1236   1.695           1.58     1.70
 Mg24  Vibrational    24    12    12   p   65.0    0.00817      36.31      91.44     0.6288   2.492        0.00000   3.173           2.57     3.17
Os190   Rotational   190    76   114   p   10.0    0.00340       0.42      22.12     1.847   8.168        0.00000   9.433           8.37     9.43
 Ca40  Vibrational    40    20    20   p  100.0    0.01517      63.35     212.50     1.731   0.5339        0.00000   1.748           1.81     1.75
Cd112  Vibrational   112    48    64   p   22.3    0.00360      28.17      61.55     1.087   7.315        0.00000   8.383           7.40     8.38
Pd104  Vibrational   104    46    58   p   50.0    0.00482       6.75     169.44     1.345   3.765        0.00000   4.953           4.00     4.95
Dy164   Rotational   164    66    98   p   10.0    0.00711       4.43     558.65     3.257   7.566        0.00000   9.331           8.24     9.33
 Mg24  Vibrational    24    12    12   p   80.0    0.00817      20.39     120.04     0.6288   1.625        0.00000   2.305           1.74     2.31
 Ca40  Vibrational    40    20    20   p   14.6    0.01517      49.53     101.58     1.731   5.691        0.00000   6.905           5.95     6.91
Cd112  Vibrational   112    48    64   p   35.0    0.00360      17.31     156.44     1.085   5.763        0.00000   6.829           5.86     6.83
Pd104  Vibrational   104    46    58   p   65.0    0.00482       6.84     160.96     1.345   2.437        0.00000   3.624           2.78     3.62
 Mg26  Vibrational    26    12    14   p   10.0    0.00823     107.32     156.01     0.6713   7.557        0.00000   8.268           7.59     8.27
 Ca40  Vibrational    40    20    20   p   17.3    0.01517      62.05     193.65     1.731   5.848        0.00000   7.062           6.10     7.06
Os190   Rotational   190    76   114   p  100.0    0.00340      92.58     168.01     1.847   1.544        0.00000   2.810           2.41     2.81
Cd112  Vibrational   112    48    64   p   50.0    0.00359       6.66     200.71     1.083   4.023        0.00000   5.089           4.17     5.09
Pd104  Vibrational   104    46    58   p   80.0    0.00482       9.58     137.31     1.345   1.447        0.00000   2.634           1.98     2.63
 Ca40  Vibrational    40    20    20   p   35.0    0.01517      26.46     437.85     1.731   4.831        0.00000   6.046           5.13     6.05
 Mg26  Vibrational    26    12    14   p  100.0    0.00823      65.21     104.22     0.6713   0.9047        0.00000   1.615           1.13     1.61
Os190   Rotational   190    76   114   p   16.0    0.00340       9.46      53.58     1.847   8.867        0.00000   10.13           9.06    10.13
Dy164   Rotational   164    66    98   p  100.0    0.00711     831.14    1948.35     3.257   0.7442        0.00000   2.509           3.34     2.51
Cd112  Vibrational   112    48    64   p   65.0    0.00359       5.04     187.30     1.083   2.659        0.00000   3.725           2.87     3.73
Pd110  Vibrational   110    46    64   p   10.0    0.00680      23.75      48.98     2.012   7.351        0.00000   8.804           7.62     8.80
 Ca40  Vibrational    40    20    20   p   50.0    0.01517      55.29     382.98     1.731   3.457        0.00000   4.671           3.87     4.67
 Mg26  Vibrational    26    12    14   p   35.0    0.00823      33.26     255.56     0.6713   5.58        0.00000   6.291           5.62     6.29
Os190   Rotational   190    76   114   p   35.0    0.00340      68.35     105.12     1.847   7.251        0.00000   8.516           7.48     8.52
 Ca40  Vibrational    40    20    20   p   65.0    0.01517      43.39     275.54     1.731   2.297        0.00000   3.511           2.88     3.51
 Mg26  Vibrational    26    12    14   p   50.0    0.00823      36.07     177.60     0.6713   3.965        0.00000   4.676           4.02     4.68
Cd112  Vibrational   112    48    64   p   80.0    0.00359       8.68     158.89     1.082   1.642        0.00000   2.708           1.97     2.71
Dy164   Rotational   164    66    98   p   35.0    0.00711     348.50     534.60     3.257   6.343        0.00000   8.108           7.13     8.11
Gd158   Rotational   158    64    94   p  100.0    0.00709     419.58     667.44     3.115   0.5883        0.00000   2.329           3.17     2.33
Os190   Rotational   190    76   114   p   50.0    0.00340      22.74     161.07     1.847   5.461        0.00000   6.726           5.76     6.73
 Ca40  Vibrational    40    20    20   p   80.0    0.01517      57.26     301.15     1.731   1.397        0.00000   2.611           2.22     2.61
Pd110  Vibrational   110    46    64   p  100.0    0.00680      50.61     219.16     2.012   0.3396        0.00000   1.792           2.04     1.79
 Fe54  Vibrational    54    26    28   p   10.0    0.00496     177.78     202.26     0.7348   6.64        0.00000   7.466           6.68     7.47
 Mg26  Vibrational    26    12    14   p   65.0    0.00823      44.51     166.76     0.6713   2.708        0.00000   3.419           2.79     3.42
Dy164   Rotational   164    66    98   p   50.0    0.00711     102.99     552.50     3.257   4.542        0.00000   6.307           5.59     6.31
 Ca44  Vibrational    44    20    24   p   10.0    0.00654      43.23     124.69     0.8092   7.511        0.00000   8.353           7.55     8.35
 Mg26  Vibrational    26    12    14   p   80.0    0.00823      40.08     207.48     0.6713   1.773        0.00000   2.484           1.90     2.48
 Fe54  Vibrational    54    26    28   p  100.0    0.00494      40.34      83.62     0.7318   0.5788        0.00000   1.403           0.93     1.40
Os190   Rotational   190    76   114   p   65.0    0.00340      14.00     164.79     1.847   3.946        0.00000   5.211           4.36     5.21
Pd110  Vibrational   110    46    64   p   22.0    0.00680      54.09     112.91     2.012   7.11        0.00000   8.563           7.39     8.56
Dy164   Rotational   164    66    98   p   65.0    0.00711      74.96     603.39     3.257   3.049        0.00000   4.814           4.46     4.81
 Ca44  Vibrational    44    20    24   p  100.0    0.00654      35.00      34.35     0.8092   0.8036        0.00000   1.645           1.14     1.65
 Fe54  Vibrational    54    26    28   p   17.9    0.00496      12.27     193.19     0.7335   6.594        0.00000   7.419           6.63     7.42
Gd158   Rotational   158    64    94   p   20.0    0.00709      86.06     478.08     3.115   7.792        0.00000   9.533           8.39     9.53
Zr100  Vibrational   100    40    60   p   10.0    0.01067       0.00      22.93     2.86   7.367        0.00000   9.097           7.90     9.10
Pd110  Vibrational   110    46    64   p   35.0    0.00680      43.19     247.99     2.012   5.496        0.00000   6.949           5.85     6.95
 Ca44  Vibrational    44    20    24   p   15.6    0.00654       8.19     129.42     0.8092   7.599        0.00000   8.440           7.64     8.44
Os190   Rotational   190    76   114   p   80.0    0.00340      24.09     160.25     1.847   2.742        0.00000   4.008           3.31     4.01
 Fe54  Vibrational    54    26    28   p   35.0    0.00495       4.43     301.02     0.7325   4.834        0.00000   5.659           4.89     5.66
 Si28  Vibrational    28    14    14   p   10.0    0.00868      66.37     233.36     0.7474   6.347        0.00000   7.105           6.39     7.11
  P31   Rotational    31    15    16   p   10.0    0.00380       3.31      51.21     0.3533   7.391        0.00000   7.920           7.40     7.92
Pd110  Vibrational   110    46    64   p   50.0    0.00680      18.18     317.78     2.012   3.725        0.00000   5.178           4.23     5.18
Pd110  Vibrational   110    46    64   p   65.0    0.00680      14.69     315.02     2.012   2.337        0.00000   3.789           3.08     3.79
Dy164   Rotational   164    66    98   p   80.0    0.00711     269.81     571.70     3.257   1.883        0.00000   3.648           3.76     3.65
  P31   Rotational    31    15    16   p  100.0    0.00380      15.51      10.94     0.3533   1.022        0.00000   1.550           1.08     1.55
Gd158   Rotational   158    64    94   p   35.0    0.00709     403.51     499.27     3.115   6.11        0.00000   7.851           6.86     7.85
 Si28  Vibrational    28    14    14   p  100.0    0.00717      58.87      77.18     0.6179   0.7382        0.00000   1.427           0.96     1.43
Sm154   Rotational   154    62    92   p  100.0    0.00439     104.53     240.46     1.875   0.8638        0.00000   2.222           2.06     2.22
Ta181   Rotational   181    73   108   p   22.2    0.00530      47.10      56.56     2.717   8.253        0.00000   9.816           8.69     9.82
  P31   Rotational    31    15    16   p   17.5    0.00380       1.56      36.24     0.3533   7.344        0.00000   7.872           7.35     7.87
 Cr48  Vibrational    48    24    24   p   10.0    0.00133       0.25       3.00     0.1778   7.253        0.00000   7.652           7.26     7.65
Pd110  Vibrational   110    46    64   p   80.0    0.00680      21.22     279.05     2.012   1.302        0.00000   2.754           2.40     2.75
 Si28  Vibrational    28    14    14   p   14.2    0.00829      52.91     687.35     0.714   6.506        0.00000   7.247           6.55     7.25
Sm154   Rotational   154    62    92   p   16.0    0.00439      31.68     241.57     1.875   8.279        0.00000   9.637           8.49     9.64
Tl205   Rotational   205    81   124   p   50.0    0.00134       6.68      38.96     0.7955   6.02        0.00000   6.821           6.07     6.82
 Cr48  Vibrational    48    24    24   p  100.0    0.00133       5.56       2.43     0.1778   1.11        0.00000   1.510           1.12     1.51
 Si28  Vibrational    28    14    14   p   17.5    0.00809      51.53     623.83     0.6965   6.395        0.00000   7.126           6.43     7.13
Ta181   Rotational   181    73   108   p   35.0    0.00530      73.33     137.45     2.717   6.853        0.00000   8.417           7.37     8.42
Pt194   Rotational   194    78   116   p   10.0    0.00205       0.31       8.53     1.139   8.405        0.00000   9.390           8.48     9.39
Gd158   Rotational   158    64    94   p   50.0    0.00709     128.50     568.62     3.115   4.306        0.00000   6.047           5.31     6.05
 Cr48  Vibrational    48    24    24   p   35.0    0.00133       0.52       3.75     0.1778   5.475        0.00000   5.875           5.48     5.88
Sm154   Rotational   154    62    92   p   35.0    0.00439     169.44     306.90     1.875   6.366        0.00000   7.725           6.64     7.72
Tl205   Rotational   205    81   124   p   65.0    0.00134       3.49      39.75     0.7955   4.488        0.00000   5.289           4.56     5.29
 Si28  Vibrational    28    14    14   p   50.0    0.00740      11.36     220.37     0.637   3.393        0.00000   4.093           3.45     4.09
Pt194   Rotational   194    78   116   p  100.0    0.00205     119.97     208.92     1.139   1.824        0.00000   2.809           2.15     2.81
Sm154   Rotational   154    62    92   p   50.0    0.00439      77.19     330.75     1.875   4.548        0.00000   5.907           4.92     5.91
Ta181   Rotational   181    73   108   p   50.0    0.00530      21.76     183.46     2.717   5.072        0.00000   6.636           5.75     6.64
Tl205   Rotational   205    81   124   p   80.0    0.00134       4.42      39.54     0.7955   3.27        0.00000   4.071           3.37     4.07
 Si28  Vibrational    28    14    14   p   65.0    0.00730      17.44     174.66     0.6284   2.306        0.00000   3.001           2.39     3.00
Pt194   Rotational   194    78   116   p   16.0    0.00205      12.81      55.33     1.139   9.116        0.00000   10.10           9.19    10.10
Yb172   Rotational   172    70   102   p   80.0    0.00599     158.92     398.81     2.899   2.167        0.00000   3.810           3.62     3.81
 W184   Rotational   184    74   110   p   10.0    0.00227       1.52     150.38     1.189   8.382        0.00000   9.410           8.47     9.41
 Si28  Vibrational    28    14    14   p   80.0    0.00723      53.89     136.46     0.6228   1.494        0.00000   2.186           1.62     2.19
Sm154   Rotational   154    62    92   p   65.0    0.00439      78.96     375.61     1.875   3.075        0.00000   4.434           3.60     4.43
Pt194   Rotational   194    78   116   p   35.0    0.00205      74.81     130.10     1.139   7.516        0.00000   8.501           7.60     8.50
Gd158   Rotational   158    64    94   p   65.0    0.00709      70.17     632.88     3.115   2.83        0.00000   4.572           4.21     4.57
 Zn64  Vibrational    64    30    34   p   10.0    0.00362      71.78     391.95     0.6265   7.329        0.00000   8.109           7.36     8.11
Ta181   Rotational   181    73   108   p   65.0    0.00530      11.90     190.12     2.717   3.568        0.00000   5.132           4.48     5.13
Sm148   Rotational   148    62    86   p   10.0    0.00266       0.35     127.78     1.085   7.818        0.00000   8.859           7.89     8.86
Pt194   Rotational   194    78   116   p   50.0    0.00205      47.11     202.64     1.139   5.732        0.00000   6.717           5.84     6.72
 Zn64  Vibrational    64    30    34   p  100.0    0.00357      65.72     111.02     0.6174   0.8377        0.00000   1.612           1.04     1.61
Sm154   Rotational   154    62    92   p   80.0    0.00439     115.36     367.27     1.875   1.946        0.00000   3.304           2.70     3.30
 W184   Rotational   184    74   110   p  100.0    0.00216     930.86    1033.62     1.129   1.776        0.00000   2.778           2.10     2.78
Sm148   Rotational   148    62    86   p  100.0    0.00266      15.31      80.14     1.085   0.9742        0.00000   2.015           1.46     2.02
Pt194   Rotational   194    78   116   p   65.0    0.00205      40.67     196.51     1.139   4.221        0.00000   5.206           4.37     5.21
 Zn64  Vibrational    64    30    34   p   20.4    0.00359      17.89     182.86     0.6216   7.129        0.00000   7.906           7.16     7.91
Sn120  Vibrational   120    50    70   p   10.0    0.00284       1.89       8.68     0.9228   7.806        0.00000   8.788           7.86     8.79
Ta181   Rotational   181    73   108   p   80.0    0.00530      13.20     170.07     2.717   2.377        0.00000   3.940           3.61     3.94
 W184   Rotational   184    74   110   p   16.0    0.00223      33.66     270.44     1.165   9.067        0.00000   10.08           9.14    10.08
Sm148   Rotational   148    62    86   p   16.0    0.00266       5.19      50.23     1.085   8.198        0.00000   9.239           8.27     9.24
 Zn64  Vibrational    64    30    34   p   35.0    0.00358      12.84     237.85     0.6194   5.492        0.00000   6.268           5.53     6.27
Pt194   Rotational   194    78   116   p   80.0    0.00205      58.87     194.52     1.139   3.02        0.00000   4.005           3.23     4.00
 Ti48  Vibrational    48    22    26   p   10.0    0.00480      13.05      62.19     0.6396   7.532        0.00000   8.290           7.56     8.29
Sn120  Vibrational   120    50    70   p  100.0    0.00280      94.49      63.09     0.9098   1.072        0.00000   2.046           1.41     2.05
Sm148   Rotational   148    62    86   p   24.5    0.00266      12.61      29.74     1.085   7.556        0.00000   8.597           7.63     8.60
 W184   Rotational   184    74   110   p   35.0    0.00218     176.88     240.89     1.142   7.447        0.00000   8.455           7.53     8.46
 Zn64  Vibrational    64    30    34   p   50.0    0.00358       4.59     238.87     0.6185   3.888        0.00000   4.663           3.94     4.66
 Ti48  Vibrational    48    22    26   p  100.0    0.00480      22.47      27.84     0.6396   0.8779        0.00000   1.635           1.09     1.64
 Se82  Vibrational    82    34    48   p   10.0    0.00350     103.25     211.68     0.7684   8.019        0.00000   8.906           8.06     8.91
Gd158   Rotational   158    64    94   p   80.0    0.00709      95.05     593.31     3.115   1.69        0.00000   3.431           3.54     3.43
Sn120  Vibrational   120    50    70   p   16.0    0.00283      10.12      37.16     0.9178   8.118        0.00000   9.097           8.17     9.10
Sm148   Rotational   148    62    86   p   35.0    0.00266      16.15      77.06     1.085   6.265        0.00000   7.306           6.36     7.31
 Ti48  Vibrational    48    22    26   p   16.0    0.00480       5.51      96.56     0.6396   7.608        0.00000   8.366           7.63     8.37
 Zn64  Vibrational    64    30    34   p   65.0    0.00357       9.04     203.54     0.618   2.636        0.00000   3.411           2.71     3.41
 W184   Rotational   184    74   110   p   50.0    0.00217      98.81     370.89     1.136   5.666        0.00000   6.671           5.78     6.67
 Se82  Vibrational    82    34    48   p  100.0    0.00349      48.59     104.81     0.7661   0.9006        0.00000   1.785           1.18     1.78
Ho165   Rotational   165    67    98   p   10.0    0.00719       2.67     188.17     3.318   7.507        0.00000   9.285           8.21     9.29
Sn120  Vibrational   120    50    70   p   20.4    0.00282      13.52      33.86     0.9159   7.893        0.00000   8.871           7.95     8.87
 Ti48  Vibrational    48    22    26   p   35.0    0.00480       2.35      76.00     0.6396   5.606        0.00000   6.364           5.64     6.36
Sm148   Rotational   148    62    86   p   50.0    0.00266       5.39     104.01     1.085   4.491        0.00000   5.533           4.62     5.53
 Zn64  Vibrational    64    30    34   p   80.0    0.00357      11.24     153.14     0.6177   1.704        0.00000   2.479           1.81     2.48
 Se82  Vibrational    82    34    48   p   16.0    0.00350      29.90      91.16     0.7675   8.178        0.00000   9.064           8.21     9.06
 W184   Rotational   184    74   110   p   65.0    0.00217     170.43     405.25     1.132   4.16        0.00000   5.163           4.31     5.16
 Ti48  Vibrational    48    22    26   p   50.0    0.00480       2.91      63.59     0.6396   3.975        0.00000   4.733           4.03     4.73
Sn120  Vibrational   120    50    70   p   35.0    0.00281       8.92      74.35     0.9128   6.288        0.00000   7.264           6.35     7.26
Sm148   Rotational   148    62    86   p   65.0    0.00266       4.62     107.07     1.085   3.071        0.00000   4.113           3.26     4.11
 Zr94  Vibrational    94    40    54   p   10.0    0.00382      30.75     141.50     0.9616   7.719        0.00000   8.720           7.78     8.72
 Se82  Vibrational    82    34    48   p   35.0    0.00349       8.59     156.10     0.7666   6.053        0.00000   6.938           6.10     6.94
 Ti48  Vibrational    48    22    26   p   65.0    0.00480       1.95      52.45     0.6396   2.704        0.00000   3.462           2.78     3.46
Ho165   Rotational   165    67    98   p  100.0    0.00719      47.52     166.18     3.318   0.7401        0.00000   2.518           3.40     2.52
Sn120  Vibrational   120    50    70   p   50.0    0.00281       3.89      92.59     0.9114   4.564        0.00000   5.539           4.65     5.54
 W184   Rotational   184    74   110   p   80.0    0.00216     333.16     422.61     1.13   2.965        0.00000   3.967           3.17     3.97
 Ti48  Vibrational    48    22    26   p   80.0    0.00480      11.49      35.84     0.6396   1.757        0.00000   2.515           1.87     2.52
 Se82  Vibrational    82    34    48   p   50.0    0.00349       4.55     170.16     0.7664   4.279        0.00000   5.165           4.35     5.17
Sm148   Rotational   148    62    86   p   80.0    0.00266       6.14      96.23     1.085   1.994        0.00000   3.036           2.27     3.04
 Zr94  Vibrational    94    40    54   p  100.0    0.00378      29.74     100.26     0.9515   0.7636        0.00000   1.759           1.22     1.76
Ho165   Rotational   165    67    98   p   16.0    0.00719      29.03      59.64     3.318   8.064        0.00000   9.842           8.72     9.84
Tl205   Rotational   205    81   124   p   10.0    0.00134       0.06       1.20     0.7955   8.663        0.00000   9.464           8.70     9.46
Yb172   Rotational   172    70   102   p   10.0    0.00599       2.22     253.02     2.899   7.678        0.00000   9.322           8.21     9.32
Sn120  Vibrational   120    50    70   p   65.0    0.00280       3.54      85.52     0.9107   3.164        0.00000   4.139           3.29     4.14
 Zr94  Vibrational    94    40    54   p   19.4    0.00380      18.38      54.59     0.9564   7.682        0.00000   8.680           7.74     8.68
 Se82  Vibrational    82    34    48   p   65.0    0.00349       3.53     164.75     0.7662   2.893        0.00000   3.778           2.99     3.78
Sm154   Rotational   154    62    92   p   10.0    0.00439       1.66     600.61     1.875   7.83        0.00000   9.189           8.05     9.19
Ho165   Rotational   165    67    98   p   35.0    0.00719      92.82     221.10     3.318   6.312        0.00000   8.091           7.13     8.09
 Zr94  Vibrational    94    40    54   p   35.0    0.00379       7.39     152.69     0.9538   5.834        0.00000   6.830           5.91     6.83
  C12  Vibrational    12     6     6   n   20.0    0.03620      25.09    2025.01     3.796   4.653        1.976   5.729           6.00     6.06
Tl205   Rotational   205    81   124   p  100.0    0.00134      15.92      42.98     0.7955   2.056        0.00000   2.857           2.20     2.86
 Se82  Vibrational    82    34    48   p   80.0    0.00349      11.31     135.85     0.7662   1.86        0.00000   2.746           2.01     2.75
Sn120  Vibrational   120    50    70   p   80.0    0.00280       7.50      74.75     0.9102   2.093        0.00000   3.068           2.28     3.07
  C12  Vibrational    12     6     6   n   24.1    0.03520      33.85    2294.61     3.745   4.686        1.976   5.748           6.00     6.08
 Zr94  Vibrational    94    40    54   p   50.0    0.00379       3.86     172.38     0.9527   4.09        0.00000   5.086           4.20     5.09
Tl205   Rotational   205    81   124   p   19.6    0.00134       2.78       4.33     0.7955   9.375        0.00000   10.17           9.41    10.17
Ho165   Rotational   165    67    98   p   50.0    0.00719      24.27     279.55     3.318   4.523        0.00000   6.302           5.61     6.30
 Ca44  Vibrational    44    20    24   n   15.6    0.00654       6.88     302.56     0.8092   6.077        0.00000   6.919           6.13     6.92
Ta181   Rotational   181    73   108   p   10.0    0.00530       0.79      43.86     2.717   7.831        0.00000   9.395           8.29     9.39
  C12  Vibrational    12     6     6   n   35.0    0.03342      19.08    1157.13     1.418   4.041        -0.2604   5.075           4.28     5.08
Yb172   Rotational   172    70   102   p  100.0    0.00599     481.18     791.17     2.899   1.007        0.00000   2.650           3.07     2.65
 Ca44  Vibrational    44    20    24   n   22.9    0.00654       4.84     288.85     0.8092   5.473        0.00000   6.315           5.53     6.32
Tl205   Rotational   205    81   124   p   35.0    0.00134      14.54      18.54     0.7955   7.826        0.00000   8.627           7.87     8.63
 Zr94  Vibrational    94    40    54   p   65.0    0.00378       3.20     161.88     0.9522   2.726        0.00000   3.721           2.89     3.72
Ho165   Rotational   165    67    98   p   65.0    0.00719      15.85     295.83     3.318   3.038        0.00000   4.817           4.50     4.82
  C12  Vibrational    12     6     6   n   50.0    0.03204      43.63     544.00     1.414   2.875        -0.1958   3.887           3.20     3.89
 Ca44  Vibrational    44    20    24   n   35.0    0.00654       3.14     250.59     0.8092   4.265        0.00000   5.107           4.34     5.11
 Fe54  Vibrational    54    26    28   n   35.0    0.00495       5.46     418.76     0.7325   4.367        0.00000   5.192           4.43     5.19
 Zr94  Vibrational    94    40    54   p   80.0    0.00378       5.04     130.15     0.9518   1.709        0.00000   2.704           1.96     2.70
Yb172   Rotational   172    70   102   p   16.0    0.00599      36.20     141.75     2.899   8.288        0.00000   9.931           8.78     9.93
  C12  Vibrational    12     6     6   n   65.0    0.03122     100.67     342.83     1.418   1.74        -0.1501   2.739           2.24     2.74
 Ca44  Vibrational    44    20    24   n   50.0    0.00654       2.06     169.96     0.8092   2.941        0.00000   3.783           3.05     3.78
 Fe54  Vibrational    54    26    28   n   50.0    0.00495       3.81     357.65     0.7322   2.976        0.00000   3.801           3.06     3.80
Ho165   Rotational   165    67    98   n   65.0    0.00719       6.21     675.87     3.318   1.468        0.00000   3.247           3.63     3.25
  C12  Vibrational    12     6     6   n  100.0    0.03020     192.10     363.52     1.399   -0.4124       -0.1177   0.5703           1.46     0.58
Ta181   Rotational   181    73   108   p  100.0    0.00530      31.62     123.95     2.717   1.193        0.00000   2.757           2.97     2.76
Yb172   Rotational   172    70   102   p   35.0    0.00599     201.80     338.66     2.899   6.607        0.00000   8.251           7.22     8.25
 Ca44  Vibrational    44    20    24   n   65.0    0.00654       1.79     113.00     0.8092   1.921        0.00000   2.763           2.08     2.76
 Fe54  Vibrational    54    26    28   n   65.0    0.00495       3.31     235.70     0.732   1.925        0.00000   2.750           2.06     2.75
  C12  Vibrational    12     6     6   n   80.0    0.03068     385.42    1829.90     1.418   0.7045        -0.1236   1.695           1.58     1.70
  P31   Rotational    31    15    16   n   17.5    0.00380       2.04      73.47     0.3533   6.67        0.00000   7.198           6.68     7.20
Ho165   Rotational   165    67    98   n   80.0    0.00719       6.48     494.87     3.318   0.685        0.00000   2.463           3.39     2.46
Yb172   Rotational   172    70   102   p   50.0    0.00599      53.75     392.16     2.899   4.831        0.00000   6.474           5.63     6.47
Pd110  Vibrational   110    46    64   n   50.0    0.00680       9.16     747.41     2.012   2.158        0.00000   3.610           2.95     3.61
 Ca40  Vibrational    40    20    20   n   10.0    0.01517      53.64     139.60     1.731   5.476        0.00000   6.690           5.74     6.69
 Ca44  Vibrational    44    20    24   n   80.0    0.00654       8.74      73.58     0.8092   1.164        0.00000   2.006           1.42     2.01
 Fe54  Vibrational    54    26    28   n   80.0    0.00495       5.39     159.15     0.7319   1.155        0.00000   1.980           1.37     1.98
  P31   Rotational    31    15    16   n   50.0    0.00380       0.74      25.98     0.3533   3.47        0.00000   3.999           3.49     4.00
  P31   Rotational    31    15    16   n   80.0    0.00380       2.39      12.80     0.3533   1.591        0.00000   2.120           1.63     2.12
 Ne20  Vibrational    20    10    10   n   35.2    0.04510      45.04    1679.10     2.88   3.985        -0.1861   5.455           4.92     5.46
 Ca40  Vibrational    40    20    20   n   14.6    0.01517      91.30     260.44     1.731   5.443        0.00000   6.657           5.71     6.66
Cd112  Vibrational   112    48    64   n  100.0    0.00359       8.96     179.05     1.082   0.2155        0.00000   1.280           1.10     1.28
Pd104  Vibrational   104    46    58   n   10.0    0.00482      23.72    1518.60     1.345   5.635        0.00000   6.822           5.79     6.82
 Se82  Vibrational    82    34    48   n   80.0    0.00349       4.11     221.46     0.7662   0.9848        0.00000   1.870           1.25     1.87
 Ne20  Vibrational    20    10    10   n   50.0    0.04510      74.25     855.99     2.944   2.813        -0.1224   4.283           4.07     4.28
 Ca40  Vibrational    40    20    20   n   17.3    0.01517      98.50     369.64     1.731   5.317        0.00000   6.531           5.59     6.53
Pd110  Vibrational   110    46    64   n   80.0    0.00680      14.50     464.91     2.012   0.4657        0.00000   1.918           2.07     1.92
Cd112  Vibrational   112    48    64   n   22.3    0.00360      16.39     622.30     1.087   5.1        0.00000   6.168           5.21     6.17
 Si28  Vibrational    28    14    14   n   10.0    0.00868      81.24     984.59     0.7474   6.058        0.00000   6.816           6.10     6.82
 Ne20  Vibrational    20    10    10   n   65.0    0.04510     246.34     564.18     2.989   1.665        -0.07680   3.135           3.42     3.14
Pd104  Vibrational   104    46    58   n  100.0    0.00482      12.48     151.49     1.345   0.1268        0.00000   1.314           1.35     1.31
 Ca40  Vibrational    40    20    20   n   35.0    0.01517      18.88     671.44     1.731   3.867        0.00000   5.081           4.24     5.08
Pt194   Rotational   194    78   116   n   10.0    0.00205      96.44    1703.74     1.139   5.395        0.00000   6.379           5.51     6.38
Cd112  Vibrational   112    48    64   n   35.0    0.00360       9.19     492.76     1.085   3.919        0.00000   4.985           4.07     4.99
Pd104  Vibrational   104    46    58   n   15.0    0.00482      45.35     759.53     1.345   5.653        0.00000   6.840           5.81     6.84
 Ne20  Vibrational    20    10    10   n   80.0    0.04510    2119.01    3229.33     3.016   0.621        -0.05021   2.090           3.08     2.09
 Si28  Vibrational    28    14    14   n  100.0    0.00717      27.77      70.39     0.6179   0.5058        0.00000   1.194           0.80     1.19
 Ca40  Vibrational    40    20    20   n   50.0    0.01517      15.89     456.24     1.731   2.645        0.00000   3.859           3.16     3.86
Pt194   Rotational   194    78   116   n  100.0    0.00205      21.39     233.98     1.139   0.8903        0.00000   1.875           1.45     1.88
Gd158   Rotational   158    64    94   n  100.0    0.00709     217.48     695.86     3.115   -0.1818       0.00000   1.559           3.12     1.56
 Si28  Vibrational    28    14    14   n   14.2    0.00829      37.34     675.60     0.714   5.845        0.00000   6.586           5.89     6.59
Pd104  Vibrational   104    46    58   n   22.0    0.00482       9.45     548.04     1.345   5.184        0.00000   6.371           5.36     6.37
Cd112  Vibrational   112    48    64   n   50.0    0.00359       3.03     443.54     1.083   2.639        0.00000   3.705           2.85     3.71
 Ca40  Vibrational    40    20    20   n   65.0    0.01517      24.58     280.15     1.731   1.669        0.00000   2.883           2.40     2.88
Os190   Rotational   190    76   114   n   10.0    0.00340      97.65    3408.59     1.847   5.095        0.00000   6.360           5.42     6.36
Pt194   Rotational   194    78   116   n   16.0    0.00205     104.30    1274.33     1.139   5.812        0.00000   6.797           5.92     6.80
Pd104  Vibrational   104    46    58   n   35.0    0.00482       7.95     390.80     1.345   3.935        0.00000   5.122           4.16     5.12
 Si28  Vibrational    28    14    14   n   17.5    0.00809      25.55     546.22     0.6965   5.589        0.00000   6.320           5.63     6.32
 Ca40  Vibrational    40    20    20   n   80.0    0.01517      15.53     179.10     1.731   0.9246        0.00000   2.138           1.96     2.14
Cd112  Vibrational   112    48    64   n   65.0    0.00359       2.72     354.37     1.083   1.644        0.00000   2.709           1.97     2.71
Pt194   Rotational   194    78   116   n   35.0    0.00205      53.04     609.18     1.139   4.697        0.00000   5.682           4.83     5.68
Os190   Rotational   190    76   114   n  100.0    0.00340      35.88     173.50     1.847   0.5925        0.00000   1.858           1.94     1.86
 Si28  Vibrational    28    14    14   n   50.0    0.00740       6.02     237.28     0.637   2.745        0.00000   3.444           2.82     3.44
Pd104  Vibrational   104    46    58   n   50.0    0.00482       3.17     354.96     1.345   2.617        0.00000   3.805           2.94     3.81
 Ca44  Vibrational    44    20    24   n   10.0    0.00654      26.04     709.29     0.8092   6.228        0.00000   7.070           6.28     7.07
Gd158   Rotational   158    64    94   n   20.0    0.00709     392.27    2026.61     3.115   4.704        0.00000   6.446           5.64     6.45
Cd112  Vibrational   112    48    64   n   80.0    0.00359       3.89     263.54     1.082   0.9036        0.00000   1.968           1.41     1.97
Pt194   Rotational   194    78   116   n   50.0    0.00205      15.16     474.32     1.139   3.501        0.00000   4.486           3.68     4.49
 Si28  Vibrational    28    14    14   n   65.0    0.00730       8.92     156.49     0.6284   1.823        0.00000   2.517           1.93     2.52
Os190   Rotational   190    76   114   n   16.0    0.00340      90.68    1004.89     1.847   5.494        0.00000   6.759           5.80     6.76
 Ca44  Vibrational    44    20    24   n  100.0    0.00654      16.81      53.67     0.8092   0.4624        0.00000   1.304           0.93     1.30
Pd104  Vibrational   104    46    58   n   65.0    0.00482       3.21     290.40     1.345   1.594        0.00000   2.781           2.09     2.78
 Fe54  Vibrational    54    26    28   n   10.0    0.00496      82.31     626.53     0.7348   6.762        0.00000   7.588           6.80     7.59
Pt194   Rotational   194    78   116   n   65.0    0.00205       7.88     374.79     1.139   2.49        0.00000   3.475           2.74     3.48
 Si28  Vibrational    28    14    14   n   80.0    0.00723      18.81     101.87     0.6228   1.14        0.00000   1.831           1.30     1.83
Os190   Rotational   190    76   114   n   35.0    0.00340      39.67     432.21     1.847   4.374        0.00000   5.639           4.75     5.64
Pd104  Vibrational   104    46    58   n   80.0    0.00482       5.13     220.13     1.345   0.8336        0.00000   2.021           1.58     2.02
Sm154   Rotational   154    62    92   n   10.0    0.00439      63.94    1868.26     1.875   4.938        0.00000   6.297           5.28     6.30
 Fe54  Vibrational    54    26    28   n  100.0    0.00494      23.34     103.15     0.7318   0.4492        0.00000   1.273           0.86     1.27
Gd158   Rotational   158    64    94   n   35.0    0.00709     194.41    1516.36     3.115   3.529        0.00000   5.270           4.71     5.27
Pt194   Rotational   194    78   116   n   80.0    0.00205       7.77     299.21     1.139   1.688        0.00000   2.673           2.04     2.67
Sm148   Rotational   148    62    86   n   10.0    0.00266      32.11    1037.16     1.085   5.454        0.00000   6.495           5.56     6.50
Os190   Rotational   190    76   114   n   50.0    0.00340      14.80     338.21     1.847   3.184        0.00000   4.450           3.68     4.45
 Fe54  Vibrational    54    26    28   n   17.9    0.00496      16.68     370.35     0.7335   6.218        0.00000   7.044           6.26     7.04
Sm154   Rotational   154    62    92   n  100.0    0.00439     148.53     413.92     1.875   0.1119        0.00000   1.470           1.88     1.47
Pd110  Vibrational   110    46    64   n   10.0    0.00680     113.63    2932.57     2.012   4.99        0.00000   6.442           5.38     6.44
 Se82  Vibrational    82    34    48   n   10.0    0.00350      27.78    1496.95     0.7684   5.535        0.00000   6.421           5.59     6.42
Sm148   Rotational   148    62    86   n  100.0    0.00266       9.19     110.39     1.085   0.3822        0.00000   1.423           1.15     1.42
Os190   Rotational   190    76   114   n   65.0    0.00340       6.72     283.03     1.847   2.18        0.00000   3.446           2.86     3.45
 Se82  Vibrational    82    34    48   n  100.0    0.00349      12.24     140.24     0.7661   0.3305        0.00000   1.215           0.83     1.22
Sm154   Rotational   154    62    92   n   16.0    0.00439      78.58    1316.78     1.875   5.123        0.00000   6.481           5.46     6.48
Gd158   Rotational   158    64    94   n   50.0    0.00709      55.69    1369.77     3.115   2.311        0.00000   4.052           3.88     4.05
Sm148   Rotational   148    62    86   n   16.0    0.00266      42.29     570.78     1.085   5.599        0.00000   6.640           5.70     6.64
Pd110  Vibrational   110    46    64   n  100.0    0.00680      25.18     321.04     2.012   -0.2049       0.00000   1.247           2.02     1.25
 Se82  Vibrational    82    34    48   n   16.0    0.00350      28.58     892.31     0.7675   5.457        0.00000   6.344           5.51     6.34
Sm148   Rotational   148    62    86   n   24.5    0.00266      22.07     335.53     1.085   5.075        0.00000   6.117           5.19     6.12
Sm154   Rotational   154    62    92   n   35.0    0.00439      87.74     732.94     1.875   3.767        0.00000   5.126           4.21     5.13
Os190   Rotational   190    76   114   n   80.0    0.00340      12.19     228.12     1.847   1.384        0.00000   2.650           2.31     2.65
Ta181   Rotational   181    73   108   n  100.0    0.00530      13.62     212.72     2.717   0.2806        0.00000   1.844           2.73     1.84
 Se82  Vibrational    82    34    48   n   35.0    0.00349       3.94     464.12     0.7666   3.863        0.00000   4.748           3.94     4.75
Pd110  Vibrational   110    46    64   n   22.0    0.00680      36.98    1193.96     2.012   4.585        0.00000   6.038           5.01     6.04
Sm148   Rotational   148    62    86   n   35.0    0.00266       8.29     246.63     1.085   4.135        0.00000   5.177           4.27     5.18
  P31   Rotational    31    15    16   n   10.0    0.00380       4.47     105.37     0.3533   7.003        0.00000   7.532           7.01     7.53
Sm154   Rotational   154    62    92   n   50.0    0.00439      51.32     700.27     1.875   2.554        0.00000   3.913           3.17     3.91
Gd158   Rotational   158    64    94   n   65.0    0.00709      50.64    1205.91     3.115   1.32        0.00000   3.062           3.38     3.06
Ta181   Rotational   181    73   108   n   22.2    0.00530      51.31    1161.82     2.717   5.04        0.00000   6.603           5.73     6.60
 Se82  Vibrational    82    34    48   n   50.0    0.00349       2.21     396.94     0.7664   2.638        0.00000   3.523           2.75     3.52
  P31   Rotational    31    15    16   n  100.0    0.00380       9.13       9.62     0.3533   0.8496        0.00000   1.378           0.92     1.38
Sm148   Rotational   148    62    86   n   50.0    0.00266       3.02     221.14     1.085   2.871        0.00000   3.912           3.07     3.91
Pd110  Vibrational   110    46    64   n   35.0    0.00680      21.50     820.36     2.012   3.406        0.00000   4.859           3.96     4.86
Sm154   Rotational   154    62    92   n   65.0    0.00439      74.83     611.82     1.875   1.576        0.00000   2.935           2.45     2.94
 Se82  Vibrational    82    34    48   n   65.0    0.00349       2.80     305.40     0.7662   1.689        0.00000   2.574           1.85     2.57
Ta181   Rotational   181    73   108   n   35.0    0.00530      34.50     664.24     2.717   4.077        0.00000   5.641           4.90     5.64
Tl205   Rotational   205    81   124   n   35.0    0.00134      12.76      91.11     0.7955   4.812        0.00000   5.613           4.88     5.61
Sm148   Rotational   148    62    86   n   65.0    0.00266       3.21     183.31     1.085   1.865        0.00000   2.906           2.16     2.91
Yb172   Rotational   172    70   102   n   65.0    0.00599      42.35     796.94     2.899   1.736        0.00000   3.379           3.38     3.38
Sm154   Rotational   154    62    92   n   80.0    0.00439     105.78     501.46     1.875   0.8284        0.00000   2.187           2.05     2.19
Tl205   Rotational   205    81   124   n   50.0    0.00134       3.65      68.81     0.7955   3.635        0.00000   4.436           3.72     4.44
Sm148   Rotational   148    62    86   n   80.0    0.00266       5.15     145.54     1.085   1.103        0.00000   2.144           1.55     2.14
Dy164   Rotational   164    66    98   n   10.0    0.00711     479.23    3966.25     3.257   4.622        0.00000   6.387           5.65     6.39
Gd158   Rotational   158    64    94   n   80.0    0.00709      90.35     961.71     3.115   0.5562        0.00000   2.297           3.16     2.30
Ta181   Rotational   181    73   108   n   50.0    0.00530      11.25     490.77     2.717   2.878        0.00000   4.442           3.96     4.44
Sn120  Vibrational   120    50    70   n   10.0    0.00284      17.29     645.00     0.9228   5.597        0.00000   6.578           5.67     6.58
 Mg24  Vibrational    24    12    12   n   65.0    0.00817      13.10     150.34     0.6288   2.324        0.00000   3.005           2.41     3.00
Tl205   Rotational   205    81   124   n   65.0    0.00134       0.72      59.57     0.7955   2.637        0.00000   3.438           2.75     3.44
Yb172   Rotational   172    70   102   n   80.0    0.00599     108.44     638.77     2.899   0.9396        0.00000   2.582           3.05     2.58
Ho165   Rotational   165    67    98   n   10.0    0.00719      74.49    7493.19     3.318   4.672        0.00000   6.451           5.73     6.45
 Mg24  Vibrational    24    12    12   n   80.0    0.00817      26.24     128.11     0.6288   1.501        0.00000   2.182           1.63     2.18
Tl205   Rotational   205    81   124   n   80.0    0.00134       0.86      52.14     0.7955   1.845        0.00000   2.646           2.01     2.65
Dy164   Rotational   164    66    98   n  100.0    0.00711     520.10     799.31     3.257   -0.1002       0.00000   1.664           3.26     1.66
Ta181   Rotational   181    73   108   n   65.0    0.00530       4.43     400.29     2.717   1.87        0.00000   3.434           3.30     3.43
Sn120  Vibrational   120    50    70   n  100.0    0.00280       7.37      67.43     0.9098   0.5924        0.00000   1.566           1.09     1.57
 Zn64  Vibrational    64    30    34   n   10.0    0.00362     100.42    1962.95     0.6265   6.497        0.00000   7.277           6.53     7.28
 Mg26  Vibrational    26    12    14   n   10.0    0.00823     128.28    1269.76     0.6713   6.475        0.00000   7.185           6.51     7.18
Sn120  Vibrational   120    50    70   n   16.0    0.00283      20.91     333.17     0.9178   5.909        0.00000   6.888           5.98     6.89
 Zn64  Vibrational    64    30    34   n  100.0    0.00357      18.04     164.17     0.6174   0.5861        0.00000   1.360           0.85     1.36
Dy164   Rotational   164    66    98   n   35.0    0.00711     176.94    1573.15     3.257   3.628        0.00000   5.393           4.88     5.39
Ho165   Rotational   165    67    98   n  100.0    0.00719      17.72     312.18     3.318   -0.08163       0.00000   1.697           3.32     1.70
 W184   Rotational   184    74   110   n   10.0    0.00227     899.04    5553.90     1.189   5.383        0.00000   6.412           5.51     6.41
 Mg26  Vibrational    26    12    14   n  100.0    0.00823      33.51      64.50     0.6713   0.5999        0.00000   1.310           0.90     1.31
 Zn64  Vibrational    64    30    34   n   20.4    0.00359      25.43     568.26     0.6216   6.023        0.00000   6.800           6.05     6.80
Sn120  Vibrational   120    50    70   n   20.4    0.00282       8.32     225.07     0.9159   5.766        0.00000   6.744           5.84     6.74
Ta181   Rotational   181    73   108   n   80.0    0.00530       5.12     309.82     2.717   1.072        0.00000   2.636           2.92     2.64
Dy164   Rotational   164    66    98   n   50.0    0.00711      50.15    1354.26     3.257   2.423        0.00000   4.188           4.06     4.19
Ho165   Rotational   165    67    98   n   16.0    0.00719     117.57    3573.67     3.318   4.947        0.00000   6.726           5.96     6.73
 Mg26  Vibrational    26    12    14   n   35.0    0.00823      20.27     448.22     0.6713   4.428        0.00000   5.138           4.48     5.14
 W184   Rotational   184    74   110   n  100.0    0.00216     508.48     622.01     1.129   0.8494        0.00000   1.851           1.41     1.85
 Zn64  Vibrational    64    30    34   n   35.0    0.00358       6.76     509.70     0.6194   4.544        0.00000   5.320           4.59     5.32
 Ti48  Vibrational    48    22    26   n   10.0    0.00480      13.21     564.11     0.6396   6.369        0.00000   7.127           6.40     7.13
Sn120  Vibrational   120    50    70   n   35.0    0.00281       5.20     177.14     0.9128   4.573        0.00000   5.549           4.66     5.55
Ho165   Rotational   165    67    98   n   35.0    0.00719      36.82    1126.72     3.318   3.686        0.00000   5.465           4.96     5.46
 Mg26  Vibrational    26    12    14   n   50.0    0.00823      12.02     271.17     0.6713   3.093        0.00000   3.804           3.17     3.80
Dy164   Rotational   164    66    98   n   65.0    0.00711      74.63    1172.93     3.257   1.43        0.00000   3.195           3.56     3.19
 W184   Rotational   184    74   110   n   16.0    0.00223     270.58    2227.87     1.165   5.77        0.00000   6.788           5.89     6.79
 Ti48  Vibrational    48    22    26   n  100.0    0.00480      14.01      35.72     0.6396   0.5601        0.00000   1.318           0.85     1.32
 Zn64  Vibrational    64    30    34   n   50.0    0.00358       4.97     484.83     0.6185   3.169        0.00000   3.944           3.23     3.94
Sn120  Vibrational   120    50    70   n   50.0    0.00281       1.78     156.02     0.9114   3.262        0.00000   4.237           3.39     4.24
 Mg26  Vibrational    26    12    14   n   65.0    0.00823      10.58     186.80     0.6713   2.066        0.00000   2.777           2.17     2.78
 Ti48  Vibrational    48    22    26   n   16.0    0.00480       7.31     176.65     0.6396   6.2        0.00000   6.958           6.23     6.96
Ho165   Rotational   165    67    98   n   50.0    0.00719      18.08     862.82     3.318   2.471        0.00000   4.250           4.14     4.25
 Zn64  Vibrational    64    30    34   n   65.0    0.00357       4.50     377.26     0.618   2.106        0.00000   2.881           2.19     2.88
 W184   Rotational   184    74   110   n   35.0    0.00218     188.71    1354.28     1.142   4.635        0.00000   5.643           4.77     5.64
Sn120  Vibrational   120    50    70   n   65.0    0.00280       1.55     126.25     0.9107   2.193        0.00000   3.168           2.37     3.17
Dy164   Rotational   164    66    98   n   80.0    0.00711     196.20     927.92     3.257   0.6563        0.00000   2.421           3.32     2.42
 Ti48  Vibrational    48    22    26   n   35.0    0.00480       1.96     161.14     0.6396   4.402        0.00000   5.160           4.45     5.16
 Mg26  Vibrational    26    12    14   n   80.0    0.00823      29.40     122.69     0.6713   1.305        0.00000   2.016           1.47     2.02
Cd112  Vibrational   112    48    64   n    5.0    0.00367     121.01     865.77     1.107   4.8        0.00000   5.877           4.93     5.88
 Zn64  Vibrational    64    30    34   n   80.0    0.00357       7.82     258.13     0.6177   1.318        0.00000   2.092           1.46     2.09
 W184   Rotational   184    74   110   n   50.0    0.00217     208.02    1113.90     1.136   3.442        0.00000   4.447           3.62     4.45
 Cr48  Vibrational    48    24    24   n   10.0    0.00133       1.14      58.52     0.1778   7.375        0.00000   7.775           7.38     7.78
 Ti48  Vibrational    48    22    26   n   50.0    0.00480       1.32     117.04     0.6396   3.065        0.00000   3.823           3.13     3.82
Sn120  Vibrational   120    50    70   n   80.0    0.00280       1.71      97.13     0.9102   1.373        0.00000   2.348           1.65     2.35
 Cr48  Vibrational    48    24    24   n    5.0    0.00133       4.80     191.00     0.1778   6.868        0.00000   7.268           6.87     7.27
Zr100  Vibrational   100    40    60   n   10.0    0.01067    1032.01    4927.04     2.86   4.444        0.00000   6.175           5.28     6.17
 Zr94  Vibrational    94    40    54   n   10.0    0.00382      84.75    1422.44     0.9616   5.576        0.00000   6.576           5.66     6.58
 Ti48  Vibrational    48    22    26   n   65.0    0.00480       1.82      77.59     0.6396   2.034        0.00000   2.792           2.13     2.79
 Cr48  Vibrational    48    24    24   n  100.0    0.00133       1.88       3.99     0.1778   1.038        0.00000   1.438           1.05     1.44
 W184   Rotational   184    74   110   n   65.0    0.00217     220.05     957.13     1.132   2.437        0.00000   3.441           2.69     3.44
Ta181   Rotational   181    73   108   n   10.0    0.00530      79.97    5823.24     2.717   4.872        0.00000   6.436           5.58     6.44
 Zr94  Vibrational    94    40    54   n  100.0    0.00378       6.88     140.56     0.9515   0.261        0.00000   1.256           0.99     1.26
 Ti48  Vibrational    48    22    26   n   80.0    0.00480       4.16      53.63     0.6396   1.269        0.00000   2.027           1.42     2.03
 Cr48  Vibrational    48    24    24   n   35.0    0.00133       0.25      14.11     0.1778   5.229        0.00000   5.629           5.23     5.63
Dy164   Rotational   164    66    98   n    5.0    0.00711    2066.88    8354.59     3.257   3.558        0.00000   5.323           4.82     5.32
Zr100  Vibrational   100    40    60   n  100.0    0.01067     303.52    2101.18     2.86   -0.5447       0.00000   1.185           2.91     1.19
 Zr94  Vibrational    94    40    54   n   19.4    0.00380      24.71     506.39     0.9564   5.315        0.00000   6.314           5.40     6.31
 Cr48  Vibrational    48    24    24   n   50.0    0.00133       0.15      11.10     0.1778   3.771        0.00000   4.171           3.78     4.17
Tl205   Rotational   205    81   124   n   10.0    0.00134       9.99    1014.71     0.7955   5.426        0.00000   6.227           5.48     6.23
 Fe54  Vibrational    54    26    28   n    5.0    0.00498     303.59    1682.84     0.7369   6.575        0.00000   7.402           6.62     7.40
 W184   Rotational   184    74   110   n   80.0    0.00216     317.71     764.67     1.13   1.641        0.00000   2.643           1.99     2.64
Sm154   Rotational   154    62    92   n    5.0    0.00439     218.62    7698.86     1.875   3.979        0.00000   5.337           4.40     5.34
Zr100  Vibrational   100    40    60   n   35.0    0.01067     384.75    4021.11     2.86   2.893        0.00000   4.623           4.07     4.62
 Cr48  Vibrational    48    24    24   n   65.0    0.00133       0.23       7.61     0.1778   2.646        0.00000   3.046           2.65     3.05
 Zr94  Vibrational    94    40    54   n   35.0    0.00379       5.75     464.60     0.9538   3.906        0.00000   4.903           4.02     4.90
Tl205   Rotational   205    81   124   n  100.0    0.00134       1.72      46.11     0.7955   1.056        0.00000   1.857           1.32     1.86
Sn120  Vibrational   120    50    70   n    5.0    0.00288      41.97     873.61     0.9339   4.481        0.00000   5.468           4.58     5.47
Zr100  Vibrational   100    40    60   n   50.0    0.01067     116.67    4090.97     2.86   1.703        0.00000   3.433           3.33     3.43
Yb172   Rotational   172    70   102   n   10.0    0.00599     639.70    4477.66     2.899   4.852        0.00000   6.495           5.65     6.50
 Cr48  Vibrational    48    24    24   n   80.0    0.00133       0.36       5.46     0.1778   1.812        0.00000   2.212           1.82     2.21
 Zr94  Vibrational    94    40    54   n   50.0    0.00379       1.97     396.03     0.9527   2.644        0.00000   3.640           2.81     3.64
Tl205   Rotational   205    81   124   n   19.6    0.00134       8.09     241.38     0.7955   5.838        0.00000   6.639           5.89     6.64
 Mg24  Vibrational    24    12    12   n   10.0    0.00817      71.97     607.84     0.6288   7.104        0.00000   7.785           7.13     7.79
Zr100  Vibrational   100    40    60   n   65.0    0.01067     125.40    3751.45     2.86   0.7795        0.00000   2.509           2.96     2.51
Ta181   Rotational   181    73   108   n    5.0    0.00530     357.56   22844.42     2.717   3.67        0.00000   5.233           4.57     5.23
 Zr94  Vibrational    94    40    54   n   65.0    0.00378       1.43     302.93     0.9522   1.664        0.00000   2.660           1.92     2.66
Gd158   Rotational   158    64    94   n    5.0    0.00709    1412.09   16697.22     3.115   3.626        0.00000   5.368           4.78     5.37
 Ti48  Vibrational    48    22    26   n    5.0    0.00480      39.67    1432.44     0.6396   5.904        0.00000   6.662           5.94     6.66
Yb172   Rotational   172    70   102   n  100.0    0.00599     332.56     528.98     2.899   0.153        0.00000   1.796           2.90     1.80
 Mg24  Vibrational    24    12    12   n  100.0    0.00817      40.89      63.72     0.6288   0.7376        0.00000   1.418           0.97     1.42
Zr100  Vibrational   100    40    60   n   80.0    0.01067     163.14    3009.50     2.86   0.09298        0.00000   1.823           2.86     1.82
 Zr94  Vibrational    94    40    54   n   80.0    0.00378       2.48     218.34     0.9518   0.937        0.00000   1.932           1.34     1.93
 Mg24  Vibrational    24    12    12   n   35.0    0.00817      24.37     337.25     0.6288   4.88        0.00000   5.561           4.92     5.56
Tl205   Rotational   205    81   124   n    5.0    0.00134     426.39   10247.87     0.7955   4.099        0.00000   4.900           4.18     4.90
Ho165   Rotational   165    67    98   n    5.0    0.00719     400.66   22872.96     3.318   3.59        0.00000   5.368           4.89     5.37
 Ca40  Vibrational    40    20    20   n    5.0    0.01517     106.23     350.09     1.731   5.054        0.00000   6.268           5.34     6.27
Yb172   Rotational   172    70   102   n   16.0    0.00599     197.71    2121.16     2.899   5.173        0.00000   6.816           5.93     6.82
 Mg24  Vibrational    24    12    12   n    5.0    0.00817     112.43     249.86     0.6288   6.704        0.00000   7.385           6.73     7.38
 Mg24  Vibrational    24    12    12   n   50.0    0.00817      15.75     208.01     0.6288   3.435        0.00000   4.116           3.49     4.12
 Ca44  Vibrational    44    20    24   n    5.0    0.00654      80.46    1337.30     0.8092   5.784        0.00000   6.626           5.84     6.63
 W184   Rotational   184    74   110   n    5.0    0.00239    6709.83   17146.35     1.25   4.138        0.00000   5.193           4.32     5.19
 Mg26  Vibrational    26    12    14   n    5.0    0.00823     214.88     644.07     0.6713   6.098        0.00000   6.809           6.13     6.81
Yb172   Rotational   172    70   102   n   35.0    0.00599      96.73    1153.05     2.899   3.96        0.00000   5.604           4.91     5.60
Yb172   Rotational   172    70   102   n   50.0    0.00599      36.26     928.95     2.899   2.748        0.00000   4.391           3.99     4.39
Yb172   Rotational   172    70   102   n    5.0    0.00599    3651.80    9231.94     2.899   3.705        0.00000   5.348           4.70     5.35
Os190   Rotational   190    76   114   n    5.0    0.00340     811.38   16173.31     1.847   3.844        0.00000   5.110           4.26     5.11
 Zn64  Vibrational    64    30    34   n    5.0    0.00367    1442.89    1661.58     0.6345   5.945        0.00000   6.730           5.98     6.73
  P31   Rotational    31    15    16   n    5.0    0.00380      36.91     346.98     0.3533   6.587        0.00000   7.116           6.60     7.12
Pd104  Vibrational   104    46    58   n    5.0    0.00482     115.52    1452.88     1.345   4.931        0.00000   6.118           5.11     6.12
Zr100  Vibrational   100    40    60   n    5.0    0.01067    6461.48   12720.93     2.86   3.826        0.00000   5.556           4.78     5.56
 Zr94  Vibrational    94    40    54   n    5.0    0.00386     200.56    3171.19     0.9708   4.941        0.00000   5.947           5.04     5.95
Pd110  Vibrational   110    46    64   n    5.0    0.00680     807.39    1510.71     2.012   4.295        0.00000   5.747           4.74     5.75
Pt194   Rotational   194    78   116   n    5.0    0.00205     165.10    4019.34     1.139   4.113        0.00000   5.098           4.27     5.10
 Se82  Vibrational    82    34    48   n    5.0    0.00351     118.68    3493.47     0.7705   4.973        0.00000   5.861           5.03     5.86
 Si28  Vibrational    28    14    14   n    5.0    0.00953     117.35     505.47     0.8212   5.972        0.00000   6.766           6.03     6.77
Sm148   Rotational   148    62    86   n    5.0    0.00266      70.12    2737.15     1.085   4.517        0.00000   5.559           4.65     5.56

                                                Total Chi^2:     56517.99         392446.01   
